2025-05-27 15:28:09.631,2.9,nan,-0.0,0.0,00:00:00,0.0,0.7,-0.5,200.0
2025-05-27 15:28:10.632,2.9,nan,-0.0,0.0,00:00:00,0.0,0.8,-0.5,200.0
2025-05-27 15:28:11.628,2.8,nan,-0.0,0.0,00:00:00,0.0,0.8,-0.5,200.0
2025-05-27 15:28:12.630,2.9,nan,-0.0,0.0,00:00:00,0.0,0.7,-0.5,200.0
2025-05-27 15:28:13.631,2.8,nan,-0.0,0.0,00:00:00,0.0,0.7,-0.4,200.0
2025-05-27 15:28:14.629,2.8,nan,-0.0,0.1,00:00:00,0.0,0.6,-0.5,200.0
2025-05-27 15:28:15.631,2.8,nan,0.0,0.1,00:00:00,0.0,0.7,-0.4,200.0
2025-05-27 15:28:16.631,2.9,nan,-0.0,0.1,00:00:00,0.0,0.6,-0.4,200.0
2025-05-27 15:28:17.630,2.9,nan,0.0,0.1,00:00:00,0.0,0.7,-0.4,200.0
2025-05-27 15:28:18.632,2.9,nan,0.0,0.1,00:00:00,0.0,0.7,-0.3,200.0
2025-05-27 15:28:19.630,2.9,nan,0.0,0.0,00:00:00,0.0,0.8,-0.2,200.0
2025-05-27 15:28:20.629,2.9,nan,-0.0,0.1,00:00:00,0.0,0.7,-0.2,200.0
2025-05-27 15:28:21.630,2.9,nan,-0.0,0.1,00:00:00,0.0,0.7,-0.2,200.0
2025-05-27 15:28:22.629,2.9,nan,-0.0,0.1,00:00:00,0.0,0.7,-0.2,200.0
2025-05-27 15:28:23.630,2.9,nan,-0.0,0.0,00:00:00,0.0,0.6,-0.4,200.0
2025-05-27 15:28:24.628,2.9,nan,-0.0,0.1,00:00:00,0.0,0.5,-0.4,200.0
2025-05-27 15:28:25.629,2.9,nan,-0.0,0.1,00:00:00,0.0,0.5,-0.4,200.0
2025-05-27 15:28:26.629,2.9,nan,-0.0,0.1,00:00:00,0.0,0.5,-0.4,200.0
2025-05-27 15:28:27.629,2.7,nan,-0.1,0.1,00:00:00,0.0,0.5,-0.4,200.0
2025-05-27 15:28:28.629,2.6,nan,-0.1,0.1,00:00:00,0.0,0.6,-0.4,200.0
2025-05-27 15:28:29.631,2.6,nan,-0.1,0.1,00:00:00,0.0,0.6,-0.4,200.0
2025-05-27 15:28:30.630,2.6,nan,-0.0,0.2,00:00:00,0.0,0.6,-0.4,200.0
2025-05-27 15:28:31.628,2.6,nan,-0.0,0.2,00:00:00,0.0,0.6,-0.4,200.0
2025-05-27 15:28:32.628,2.7,nan,-0.0,0.2,00:00:00,0.0,0.6,-0.4,200.0
2025-05-27 15:28:33.714,2.7,nan,-0.0,0.2,00:00:00,0.0,0.7,-0.4,200.0
2025-05-27 15:28:34.629,2.7,nan,0.0,0.1,00:00:00,0.0,0.7,-0.4,200.0
2025-05-27 15:28:35.631,2.7,nan,0.0,0.1,00:00:00,0.0,0.8,-0.3,200.0
2025-05-27 15:28:36.627,2.7,nan,0.0,0.0,00:00:00,0.0,0.8,-0.3,200.0
2025-05-27 15:28:37.629,2.8,nan,0.0,0.0,00:00:00,0.0,0.8,-0.3,201.0
2025-05-27 15:28:38.630,2.7,nan,-0.0,0.1,00:00:00,0.0,0.8,-0.2,201.0
2025-05-27 15:28:39.631,2.7,nan,0.0,0.1,00:00:00,0.0,0.7,-0.3,201.0
2025-05-27 15:28:40.631,2.8,nan,0.0,0.1,00:00:00,0.0,0.7,-0.3,201.0
2025-05-27 15:28:41.631,2.8,nan,-0.0,0.1,00:00:00,0.0,0.6,-0.3,201.0
2025-05-27 15:28:42.631,2.8,nan,-0.0,0.1,00:00:00,0.0,0.4,-0.4,201.0
2025-05-27 15:28:43.631,2.8,nan,-0.0,0.2,00:00:00,0.0,0.4,-0.5,201.0
2025-05-27 15:28:44.632,2.8,nan,-0.0,0.3,00:00:00,0.0,0.3,-0.5,201.0
2025-05-27 15:28:45.629,2.8,nan,0.0,0.3,00:00:00,0.0,0.4,-0.4,201.0
2025-05-27 15:28:46.628,2.8,nan,-0.0,0.3,00:00:00,0.0,0.5,-0.3,201.0
2025-05-27 15:28:47.631,2.8,nan,0.0,0.2,00:00:00,0.0,0.6,-0.3,201.0
2025-05-27 15:28:48.630,2.8,nan,0.0,0.2,00:00:00,0.0,0.6,-0.3,201.0
2025-05-27 15:28:49.628,2.8,nan,0.0,0.2,00:00:00,0.0,0.6,-0.3,201.0
2025-05-27 15:28:50.629,2.8,nan,0.0,0.2,00:00:00,0.0,0.6,-0.3,201.0
2025-05-27 15:28:51.628,2.8,nan,0.0,0.2,00:00:00,0.0,0.6,-0.3,201.0
2025-05-27 15:28:52.629,2.8,nan,0.0,0.2,00:00:00,0.0,0.6,-0.3,201.0
2025-05-27 15:28:53.628,2.8,nan,0.0,0.2,00:00:00,0.0,0.6,-0.3,201.0
2025-05-27 15:28:54.633,2.8,nan,0.0,0.2,00:00:00,0.0,0.6,-0.3,201.0
2025-05-27 15:28:55.631,2.8,nan,0.0,0.2,00:00:00,0.0,0.6,-0.3,201.0
2025-05-27 15:28:56.630,2.8,nan,0.0,0.2,00:00:00,0.0,0.6,-0.3,201.0
2025-05-27 15:28:57.632,2.8,nan,0.0,0.2,00:00:00,0.0,0.6,-0.3,201.0
2025-05-27 15:28:58.631,2.8,nan,0.0,0.2,00:00:00,0.0,0.6,-0.3,201.0
2025-05-27 15:28:59.628,2.8,nan,0.0,0.2,00:00:00,0.0,0.6,-0.3,201.0
2025-05-27 15:29:00.630,2.8,nan,0.0,0.2,00:00:00,0.0,0.6,-0.3,201.0
2025-05-27 15:29:01.629,2.8,nan,0.0,0.2,00:00:00,0.0,0.6,-0.3,201.0
2025-05-27 15:29:02.633,2.8,nan,0.0,0.2,00:00:00,0.0,0.6,-0.3,201.0
2025-05-27 15:29:03.629,2.8,nan,0.0,0.2,00:00:00,0.0,0.6,-0.3,201.0
2025-05-27 15:29:04.631,2.8,nan,0.0,0.2,00:00:00,0.0,0.6,-0.3,201.0
2025-05-27 15:29:05.631,2.8,nan,0.0,0.2,00:00:00,0.0,0.6,-0.3,201.0
2025-05-27 15:29:06.630,2.8,nan,0.0,0.2,00:00:00,0.0,0.6,-0.3,201.0
2025-05-27 15:29:07.628,2.8,nan,0.0,0.2,00:00:00,0.0,0.6,-0.3,201.0
2025-05-27 15:29:08.631,2.8,nan,0.0,0.2,00:00:00,0.0,0.6,-0.3,201.0
2025-05-27 15:29:09.628,2.8,nan,0.0,0.2,00:00:00,0.0,0.6,-0.3,201.0
2025-05-27 15:29:10.630,2.8,nan,0.0,0.2,00:00:00,0.0,0.6,-0.3,201.0
2025-05-27 15:29:11.633,2.8,nan,0.0,0.2,00:00:00,0.0,0.6,-0.3,201.0
2025-05-27 15:29:12.629,2.8,nan,0.0,0.2,00:00:00,0.0,0.6,-0.3,201.0
2025-05-27 15:29:13.629,2.8,nan,0.0,0.2,00:00:00,0.0,0.6,-0.3,201.0
2025-05-27 15:29:14.634,2.8,nan,0.0,0.2,00:00:00,0.0,0.6,-0.3,201.0
2025-05-27 15:29:15.628,2.8,nan,0.0,0.2,00:00:00,0.0,0.6,-0.3,201.0
2025-05-27 15:29:16.630,2.8,nan,0.0,0.2,00:00:00,0.0,0.6,-0.3,201.0
2025-05-27 15:29:17.628,2.8,nan,0.0,0.2,00:00:00,0.0,0.6,-0.3,201.0
2025-05-27 15:29:18.629,2.8,nan,0.0,0.2,00:00:00,0.0,0.6,-0.3,201.0
2025-05-27 15:29:19.633,2.8,nan,0.0,0.2,00:00:00,0.0,0.6,-0.3,201.0
2025-05-27 15:29:20.632,2.8,nan,0.0,0.2,00:00:00,0.0,0.6,-0.3,201.0
2025-05-27 15:29:21.632,2.8,nan,0.0,0.2,00:00:00,0.0,0.6,-0.3,201.0
2025-05-27 15:29:22.630,2.8,nan,0.0,0.2,00:00:00,0.0,0.6,-0.3,201.0
2025-05-27 15:29:23.631,2.8,nan,0.0,0.2,00:00:00,0.0,0.6,-0.3,201.0
2025-05-27 15:29:24.629,2.8,nan,0.0,0.2,00:00:00,0.0,0.6,-0.3,201.0
2025-05-27 15:29:25.630,2.8,nan,0.0,0.2,00:00:00,0.0,0.6,-0.3,201.0
2025-05-27 15:29:26.631,2.8,nan,0.0,0.2,00:00:00,0.0,0.6,-0.3,201.0
2025-05-27 15:29:27.629,2.8,nan,0.0,0.2,00:00:00,0.0,0.6,-0.3,201.0
2025-05-27 15:29:28.632,2.8,nan,0.0,0.2,00:00:00,0.0,0.6,-0.3,201.0
2025-05-27 15:29:29.629,2.8,nan,0.0,0.2,00:00:00,0.0,0.6,-0.3,201.0
2025-05-27 15:29:30.629,2.8,nan,0.0,0.2,00:00:00,0.0,0.6,-0.3,201.0
2025-05-27 15:29:31.630,2.8,nan,0.0,0.2,00:00:00,0.0,0.6,-0.3,201.0
2025-05-27 15:29:32.628,2.8,nan,0.0,0.2,00:00:00,0.0,0.6,-0.3,201.0
2025-05-27 15:29:33.629,2.8,nan,0.0,0.2,00:00:00,0.0,0.6,-0.3,201.0
2025-05-27 15:29:34.629,2.8,nan,0.0,0.2,00:00:00,0.0,0.6,-0.3,201.0
2025-05-27 15:29:35.628,2.8,nan,0.0,0.2,00:00:00,0.0,0.6,-0.3,201.0
2025-05-27 15:29:36.630,2.8,nan,0.0,0.2,00:00:00,0.0,0.6,-0.3,201.0
2025-05-27 15:29:37.630,2.8,nan,0.0,0.2,00:00:00,0.0,0.6,-0.3,201.0
2025-05-27 15:29:38.630,2.8,nan,0.0,0.2,00:00:00,0.0,0.6,-0.3,201.0
2025-05-27 15:29:39.629,2.8,nan,0.0,0.2,00:00:00,0.0,0.6,-0.3,201.0
2025-05-27 15:29:40.628,2.8,nan,0.0,0.2,00:00:00,0.0,0.6,-0.3,201.0
2025-05-27 15:29:41.631,2.8,nan,0.0,0.2,00:00:00,0.0,0.6,-0.3,201.0
2025-05-27 15:29:42.629,2.8,nan,0.0,0.2,00:00:00,0.0,0.6,-0.3,201.0
2025-05-27 15:29:43.630,2.8,nan,0.0,0.2,00:00:00,0.0,0.6,-0.3,201.0
2025-05-27 15:29:44.630,2.8,nan,0.0,0.2,00:00:00,0.0,0.6,-0.3,201.0
2025-05-27 15:29:45.630,2.8,nan,0.0,0.2,00:00:00,0.0,0.6,-0.3,201.0
2025-05-27 15:29:46.628,2.8,nan,0.0,0.2,00:00:00,0.0,0.6,-0.3,201.0
2025-05-27 15:29:47.627,2.8,nan,0.0,0.2,00:00:00,0.0,0.6,-0.3,201.0
2025-05-27 15:29:48.630,2.8,nan,0.0,0.2,00:00:00,0.0,0.6,-0.3,201.0
2025-05-27 15:29:49.629,2.8,nan,0.0,0.2,00:00:00,0.0,0.6,-0.3,201.0
2025-05-27 15:29:50.629,2.8,nan,0.0,0.2,00:00:00,0.0,0.6,-0.3,201.0
2025-05-27 15:29:51.628,2.8,nan,0.0,0.2,00:00:00,0.0,0.6,-0.3,201.0
2025-05-27 15:29:52.630,2.8,nan,0.0,0.2,00:00:00,0.0,0.6,-0.3,201.0
2025-05-27 15:29:53.630,2.8,nan,0.0,0.2,00:00:00,0.0,0.6,-0.3,201.0
2025-05-27 15:29:54.631,2.8,nan,0.0,0.2,00:00:00,0.0,0.6,-0.3,201.0
2025-05-27 15:29:55.629,2.8,nan,0.0,0.2,00:00:00,0.0,0.6,-0.3,201.0
2025-05-27 15:29:56.629,2.8,nan,0.0,0.2,00:00:00,0.0,0.6,-0.3,201.0
2025-05-27 15:29:57.631,2.8,nan,0.0,0.2,00:00:00,0.0,0.6,-0.3,201.0
2025-05-27 15:29:58.630,2.8,nan,0.0,0.2,00:00:00,0.0,0.6,-0.3,201.0
2025-05-27 15:29:59.627,2.8,nan,0.0,0.2,00:00:00,0.0,0.6,-0.3,201.0
2025-05-27 15:30:00.628,2.8,nan,0.0,0.2,00:00:00,0.0,0.6,-0.3,201.0
2025-05-27 15:30:01.632,2.8,nan,0.0,0.2,00:00:00,0.0,0.6,-0.3,201.0
2025-05-27 15:30:02.630,2.8,nan,0.0,0.2,00:00:00,0.0,0.6,-0.3,201.0
2025-05-27 15:30:03.631,2.8,nan,0.0,0.2,00:00:00,0.0,0.6,-0.3,201.0
2025-05-27 15:30:04.632,2.8,nan,0.0,0.2,00:00:00,0.0,0.6,-0.3,201.0
2025-05-27 15:30:05.631,2.8,nan,0.0,0.2,00:00:00,0.0,0.6,-0.3,201.0
2025-05-27 15:30:06.629,2.8,nan,0.0,0.2,00:00:00,0.0,0.6,-0.3,201.0
2025-05-27 15:30:07.630,2.8,nan,0.0,0.2,00:00:00,0.0,0.6,-0.3,201.0
2025-05-27 15:30:08.630,2.8,nan,0.0,0.2,00:00:00,0.0,0.6,-0.3,201.0
2025-05-27 15:30:09.628,2.8,nan,0.0,0.2,00:00:00,0.0,0.6,-0.3,201.0
2025-05-27 15:30:10.631,2.8,nan,0.0,0.2,00:00:00,0.0,0.6,-0.3,201.0
2025-05-27 15:30:11.630,2.8,nan,0.0,0.2,00:00:00,0.0,0.6,-0.3,201.0
2025-05-27 15:30:12.633,2.8,nan,0.0,0.2,00:00:00,0.0,0.6,-0.3,201.0
2025-05-27 15:30:13.631,2.8,nan,0.0,0.2,00:00:00,0.0,0.6,-0.3,201.0
2025-05-27 15:30:14.628,2.8,nan,0.0,0.2,00:00:00,0.0,0.6,-0.3,201.0
2025-05-27 15:30:15.627,2.8,nan,0.0,0.2,00:00:00,0.0,0.6,-0.3,201.0
2025-05-27 15:30:16.629,2.8,nan,0.0,0.2,00:00:00,0.0,0.6,-0.3,201.0
2025-05-27 15:30:17.629,2.8,nan,0.0,0.2,00:00:00,0.0,0.6,-0.3,201.0
2025-05-27 15:30:18.630,2.8,nan,0.0,0.2,00:00:00,0.0,0.6,-0.3,201.0
2025-05-27 15:30:19.630,2.8,nan,0.0,0.2,00:00:00,0.0,0.6,-0.3,201.0
2025-05-27 15:30:20.630,2.8,nan,0.0,0.2,00:00:00,0.0,0.6,-0.3,201.0
2025-05-27 15:30:21.631,2.8,nan,0.0,0.2,00:00:00,0.0,0.6,-0.3,201.0
2025-05-27 15:30:22.629,2.8,nan,0.0,0.2,00:00:00,0.0,0.6,-0.3,201.0
2025-05-27 15:30:23.631,2.8,nan,0.0,0.2,00:00:00,0.0,0.6,-0.3,201.0
2025-05-27 15:30:24.630,2.8,nan,0.0,0.2,00:00:00,0.0,0.6,-0.3,201.0
2025-05-27 15:30:25.629,2.8,nan,0.0,0.2,00:00:00,0.0,0.6,-0.3,201.0
2025-05-27 15:30:26.631,2.8,nan,0.0,0.2,00:00:00,0.0,0.6,-0.3,201.0
2025-05-27 15:30:27.629,2.8,nan,0.0,0.2,00:00:00,0.0,0.6,-0.3,201.0
2025-05-27 15:30:28.631,2.8,nan,0.0,0.2,00:00:00,0.0,0.6,-0.3,201.0
2025-05-27 15:30:29.628,2.8,nan,0.0,0.2,00:00:00,0.0,0.6,-0.3,201.0
2025-05-27 15:30:30.630,2.8,nan,0.0,0.2,00:00:00,0.0,0.6,-0.3,201.0
2025-05-27 15:30:31.632,2.8,nan,0.0,0.2,00:00:00,0.0,0.6,-0.3,201.0
2025-05-27 15:30:32.627,2.8,nan,0.0,0.2,00:00:00,0.0,0.6,-0.3,201.0
2025-05-27 15:30:33.632,2.8,nan,0.0,0.2,00:00:00,0.0,0.6,-0.3,201.0
2025-05-27 15:30:34.629,2.8,nan,0.0,0.2,00:00:00,0.0,0.6,-0.3,201.0
2025-05-27 15:30:35.630,2.8,nan,0.0,0.2,00:00:00,0.0,0.6,-0.3,201.0
2025-05-27 15:30:36.630,2.8,nan,0.0,0.2,00:00:00,0.0,0.6,-0.3,201.0
2025-05-27 15:30:37.630,2.8,nan,0.0,0.2,00:00:00,0.0,0.6,-0.3,201.0
2025-05-27 15:30:38.629,2.8,nan,0.0,0.2,00:00:00,0.0,0.6,-0.3,201.0
2025-05-27 15:30:39.629,2.8,nan,0.0,0.2,00:00:00,0.0,0.6,-0.3,201.0
2025-05-27 15:30:40.630,2.8,nan,0.0,0.2,00:00:00,0.0,0.6,-0.3,201.0
2025-05-27 15:30:41.630,2.8,nan,0.0,0.2,00:00:00,0.0,0.6,-0.3,201.0
2025-05-27 15:30:42.631,2.8,nan,0.0,0.2,00:00:00,0.0,0.6,-0.3,201.0
2025-05-27 15:30:43.630,2.8,nan,0.0,0.2,00:00:00,0.0,0.6,-0.3,201.0
2025-05-27 15:30:44.629,2.8,nan,0.0,0.2,00:00:00,0.0,0.6,-0.3,201.0
2025-05-27 15:30:45.628,2.8,nan,0.0,0.2,00:00:00,0.0,0.6,-0.3,201.0
2025-05-27 15:30:46.630,2.8,nan,0.0,0.2,00:00:00,0.0,0.6,-0.3,201.0
2025-05-27 15:30:47.630,2.8,nan,0.0,0.2,00:00:00,0.0,0.6,-0.3,201.0
2025-05-27 15:30:48.629,2.8,nan,0.0,0.2,00:00:00,0.0,0.6,-0.3,201.0
2025-05-27 15:30:49.629,2.8,nan,0.0,0.2,00:00:00,0.0,0.6,-0.3,201.0
2025-05-27 15:30:50.628,2.8,nan,0.0,0.2,00:00:00,0.0,0.6,-0.3,201.0
2025-05-27 15:30:51.630,2.8,nan,0.0,0.2,00:00:00,0.0,0.6,-0.3,201.0
2025-05-27 15:30:52.630,2.8,nan,0.0,0.2,00:00:00,0.0,0.6,-0.3,201.0
2025-05-27 15:30:53.632,2.8,nan,0.0,0.2,00:00:00,0.0,0.6,-0.3,201.0
2025-05-27 15:30:54.628,2.8,nan,0.0,0.2,00:00:00,0.0,0.6,-0.3,201.0
2025-05-27 15:30:55.630,2.8,nan,0.0,0.2,00:00:00,0.0,0.6,-0.3,201.0
2025-05-27 15:30:56.630,2.8,nan,0.0,0.2,00:00:00,0.0,0.6,-0.3,201.0
2025-05-27 15:30:57.627,2.8,nan,0.0,0.2,00:00:00,0.0,0.6,-0.3,201.0
2025-05-27 15:30:58.630,2.8,nan,0.0,0.2,00:00:00,0.0,0.6,-0.3,201.0
2025-05-27 15:30:59.631,2.8,nan,0.0,0.2,00:00:00,0.0,0.6,-0.3,201.0
2025-05-27 15:31:00.631,2.8,nan,0.0,0.2,00:00:00,0.0,0.6,-0.3,201.0
2025-05-27 15:31:01.628,2.8,nan,0.0,0.2,00:00:00,0.0,0.6,-0.3,201.0
2025-05-27 15:31:02.631,2.8,nan,0.0,0.2,00:00:00,0.0,0.6,-0.3,201.0
2025-05-27 15:31:03.631,2.8,nan,0.0,0.2,00:00:00,0.0,0.6,-0.3,201.0
2025-05-27 15:31:04.631,2.8,nan,0.0,0.2,00:00:00,0.0,0.6,-0.3,201.0
2025-05-27 15:31:05.628,2.8,nan,0.0,0.2,00:00:00,0.0,0.6,-0.3,201.0
2025-05-27 15:31:06.630,2.8,nan,0.0,0.2,00:00:00,0.0,0.6,-0.3,201.0
2025-05-27 15:31:07.628,2.8,nan,0.0,0.2,00:00:00,0.0,0.6,-0.3,201.0
2025-05-27 15:31:08.631,2.8,nan,0.0,0.2,00:00:00,0.0,0.6,-0.3,201.0
2025-05-27 15:31:09.628,2.8,nan,0.0,0.2,00:00:00,0.0,0.6,-0.3,201.0
2025-05-27 15:31:10.632,2.8,nan,0.0,0.2,00:00:00,0.0,0.6,-0.3,201.0
2025-05-27 15:31:11.631,2.8,nan,0.0,0.2,00:00:00,0.0,0.6,-0.3,201.0
2025-05-27 15:31:12.629,2.8,nan,0.0,0.2,00:00:00,0.0,0.6,-0.3,201.0
2025-05-27 15:31:13.629,2.8,nan,0.0,0.2,00:00:00,0.0,0.6,-0.3,201.0
2025-05-27 15:31:14.631,2.8,nan,0.0,0.2,00:00:00,0.0,0.6,-0.3,201.0
2025-05-27 15:31:15.628,2.8,nan,0.0,0.2,00:00:00,0.0,0.6,-0.3,201.0
2025-05-27 15:31:16.631,2.8,nan,0.0,0.2,00:00:00,0.0,0.6,-0.3,201.0
2025-05-27 15:31:17.630,2.8,nan,0.0,0.2,00:00:00,0.0,0.6,-0.3,201.0
2025-05-27 15:31:18.632,2.8,nan,0.0,0.2,00:00:00,0.0,0.6,-0.3,201.0
2025-05-27 15:31:19.630,2.8,nan,0.0,0.2,00:00:00,0.0,0.6,-0.3,201.0
2025-05-27 15:31:20.629,2.8,nan,0.0,0.2,00:00:00,0.0,0.6,-0.3,201.0
2025-05-27 15:31:21.629,2.8,nan,0.0,0.2,00:00:00,0.0,0.6,-0.3,201.0
2025-05-27 15:31:22.630,2.8,nan,0.0,0.2,00:00:00,0.0,0.6,-0.3,201.0
2025-05-27 15:31:23.627,2.8,nan,0.0,0.2,00:00:00,0.0,0.6,-0.3,201.0
2025-05-27 15:31:24.630,2.8,nan,0.0,0.2,00:00:00,0.0,0.6,-0.3,201.0
2025-05-27 15:31:25.627,2.8,nan,0.0,0.2,00:00:00,0.0,0.6,-0.3,201.0
2025-05-27 15:31:26.628,2.8,nan,0.0,0.2,00:00:00,0.0,0.6,-0.3,201.0
2025-05-27 15:31:27.632,2.8,nan,0.0,0.2,00:00:00,0.0,0.6,-0.3,201.0
2025-05-27 15:31:28.630,2.8,nan,0.0,0.2,00:00:00,0.0,0.6,-0.3,201.0
2025-05-27 15:31:29.629,2.8,nan,0.0,0.2,00:00:00,0.0,0.6,-0.3,201.0
2025-05-27 15:31:30.629,2.8,nan,0.0,0.2,00:00:00,0.0,0.6,-0.3,201.0
2025-05-27 15:31:31.629,2.8,nan,0.0,0.2,00:00:00,0.0,0.6,-0.3,201.0
2025-05-27 15:31:32.629,2.8,nan,0.0,0.2,00:00:00,0.0,0.6,-0.3,201.0
2025-05-27 15:31:33.627,2.8,nan,0.0,0.2,00:00:00,0.0,0.6,-0.3,201.0
2025-05-27 15:31:34.629,2.8,nan,0.0,0.2,00:00:00,0.0,0.6,-0.3,201.0
2025-05-27 15:31:35.630,2.8,nan,0.0,0.2,00:00:00,0.0,0.6,-0.3,201.0
2025-05-27 15:31:36.629,2.8,nan,0.0,0.2,00:00:00,0.0,0.6,-0.3,201.0
2025-05-27 15:31:37.631,2.8,nan,0.0,0.2,00:00:00,0.0,0.6,-0.3,201.0
2025-05-27 15:31:38.632,2.8,nan,0.0,0.2,00:00:00,0.0,0.6,-0.3,201.0
2025-05-27 15:31:39.630,2.8,nan,0.0,0.2,00:00:00,0.0,0.6,-0.3,201.0
2025-05-27 15:31:40.629,2.8,nan,0.0,0.2,00:00:00,0.0,0.6,-0.3,201.0
2025-05-27 15:31:41.628,2.8,nan,0.0,0.2,00:00:00,0.0,0.6,-0.3,201.0
2025-05-27 15:31:42.631,2.8,nan,0.0,0.2,00:00:00,0.0,0.6,-0.3,201.0
2025-05-27 15:31:43.629,2.8,nan,0.0,0.2,00:00:00,0.0,0.6,-0.3,201.0
2025-05-27 15:31:44.629,2.8,nan,0.0,0.2,00:00:00,0.0,0.6,-0.3,201.0
2025-05-27 15:31:45.629,2.8,nan,0.0,0.2,00:00:00,0.0,0.6,-0.3,201.0
2025-05-27 15:31:46.631,2.8,nan,0.0,0.2,00:00:00,0.0,0.6,-0.3,201.0
2025-05-27 15:31:47.631,2.8,nan,0.0,0.2,00:00:00,0.0,0.6,-0.3,201.0
2025-05-27 15:31:48.631,2.8,nan,0.0,0.2,00:00:00,0.0,0.6,-0.3,201.0
2025-05-27 15:31:49.631,2.8,nan,0.0,0.2,00:00:00,0.0,0.6,-0.3,201.0
2025-05-27 15:31:50.630,2.8,nan,0.0,0.2,00:00:00,0.0,0.6,-0.3,201.0
2025-05-27 15:31:51.630,2.8,nan,0.0,0.2,00:00:00,0.0,0.6,-0.3,201.0
2025-05-27 15:31:52.632,2.8,nan,0.0,0.2,00:00:00,0.0,0.6,-0.3,201.0
2025-05-27 15:31:53.631,2.8,nan,0.0,0.2,00:00:00,0.0,0.6,-0.3,201.0
2025-05-27 15:31:54.630,2.8,nan,0.0,0.2,00:00:00,0.0,0.6,-0.3,201.0
2025-05-27 15:31:55.630,2.8,nan,0.0,0.2,00:00:00,0.0,0.6,-0.3,201.0
2025-05-27 15:31:56.630,2.8,nan,0.0,0.2,00:00:00,0.0,0.6,-0.3,201.0
2025-05-27 15:31:57.628,2.8,nan,0.0,0.2,00:00:00,0.0,0.6,-0.3,201.0
2025-05-27 15:31:58.631,2.8,nan,0.0,0.2,00:00:00,0.0,0.6,-0.3,201.0
2025-05-27 15:31:59.630,2.8,nan,0.0,0.2,00:00:00,0.0,0.6,-0.3,201.0
2025-05-27 15:32:00.629,2.8,nan,0.0,0.2,00:00:00,0.0,0.6,-0.3,201.0
2025-05-27 15:32:01.627,2.8,nan,0.0,0.2,00:00:00,0.0,0.6,-0.3,201.0
2025-05-27 15:32:02.627,2.8,nan,0.0,0.2,00:00:00,0.0,0.6,-0.3,201.0
2025-05-27 15:32:03.630,2.8,nan,0.0,0.2,00:00:00,0.0,0.6,-0.3,201.0
2025-05-27 15:32:04.632,2.8,nan,0.0,0.2,00:00:00,0.0,0.6,-0.3,201.0
2025-05-27 15:32:05.630,2.8,nan,0.0,0.2,00:00:00,0.0,0.6,-0.3,201.0
2025-05-27 15:32:06.630,2.8,nan,0.0,0.2,00:00:00,0.0,0.6,-0.3,201.0
2025-05-27 15:32:07.629,2.8,nan,0.0,0.2,00:00:00,0.0,0.6,-0.3,201.0
2025-05-27 15:32:08.629,2.8,nan,0.0,0.2,00:00:00,0.0,0.6,-0.3,201.0
2025-05-27 15:32:09.631,2.8,nan,0.0,0.2,00:00:00,0.0,0.6,-0.3,201.0
2025-05-27 15:32:10.633,2.8,nan,0.0,0.2,00:00:00,0.0,0.6,-0.3,201.0
2025-05-27 15:32:11.629,2.8,nan,0.0,0.2,00:00:00,0.0,0.6,-0.3,201.0
2025-05-27 15:32:12.628,2.8,nan,0.0,0.2,00:00:00,0.0,0.6,-0.3,201.0
2025-05-27 15:32:13.628,2.8,nan,0.0,0.2,00:00:00,0.0,0.6,-0.3,201.0
2025-05-27 15:32:14.630,2.8,nan,0.0,0.2,00:00:00,0.0,0.6,-0.3,201.0
2025-05-27 15:32:15.630,2.8,nan,0.0,0.2,00:00:00,0.0,0.6,-0.3,201.0
2025-05-27 15:32:16.628,2.8,nan,0.0,0.2,00:00:00,0.0,0.6,-0.3,201.0
2025-05-27 15:32:17.628,2.8,nan,0.0,0.2,00:00:00,0.0,0.6,-0.3,201.0
2025-05-27 15:32:18.630,2.8,nan,0.0,0.2,00:00:00,0.0,0.6,-0.3,201.0
2025-05-27 15:32:19.631,2.8,nan,0.0,0.2,00:00:00,0.0,0.6,-0.3,201.0
2025-05-27 15:32:20.631,2.8,nan,0.0,0.2,00:00:00,0.0,0.6,-0.3,201.0
2025-05-27 15:32:21.627,2.8,nan,0.0,0.2,00:00:00,0.0,0.6,-0.3,201.0
2025-05-27 15:32:22.629,2.8,nan,0.0,0.2,00:00:00,0.0,0.6,-0.3,201.0
2025-05-27 15:32:23.628,2.8,nan,0.0,0.2,00:00:00,0.0,0.6,-0.3,201.0
2025-05-27 15:32:24.631,2.8,nan,0.0,0.2,00:00:00,0.0,0.6,-0.3,201.0
2025-05-27 15:32:25.628,2.8,nan,0.0,0.2,00:00:00,0.0,0.6,-0.3,201.0
2025-05-27 15:32:26.630,2.8,nan,0.0,0.2,00:00:00,0.0,0.6,-0.3,201.0
2025-05-27 15:32:27.631,2.8,nan,0.0,0.2,00:00:00,0.0,0.6,-0.3,201.0
2025-05-27 15:32:28.630,2.8,nan,0.0,0.2,00:00:00,0.0,0.6,-0.3,201.0
2025-05-27 15:32:29.627,2.8,nan,0.0,0.2,00:00:00,0.0,0.6,-0.3,201.0
2025-05-27 15:32:30.629,2.8,nan,0.0,0.2,00:00:00,0.0,0.6,-0.3,201.0
2025-05-27 15:32:31.631,2.8,nan,0.0,0.2,00:00:00,0.0,0.6,-0.3,201.0
2025-05-27 15:32:32.628,2.8,nan,0.0,0.2,00:00:00,0.0,0.6,-0.3,201.0
2025-05-27 15:32:33.628,2.8,nan,0.0,0.2,00:00:00,0.0,0.6,-0.3,201.0
2025-05-27 15:32:34.630,2.8,nan,0.0,0.2,00:00:00,0.0,0.6,-0.3,201.0
2025-05-27 15:32:35.629,2.8,nan,0.0,0.2,00:00:00,0.0,0.6,-0.3,201.0
2025-05-27 15:32:36.630,2.8,nan,0.0,0.2,00:00:00,0.0,0.6,-0.3,201.0
2025-05-27 15:32:37.631,2.8,nan,0.0,0.2,00:00:00,0.0,0.6,-0.3,201.0
2025-05-27 15:32:38.632,2.8,nan,0.0,0.2,00:00:00,0.0,0.6,-0.3,201.0
2025-05-27 15:32:39.629,2.8,nan,0.0,0.2,00:00:00,0.0,0.6,-0.3,201.0
2025-05-27 15:32:40.631,2.8,nan,0.0,0.2,00:00:00,0.0,0.6,-0.3,201.0
2025-05-27 15:32:41.630,2.8,nan,0.0,0.2,00:00:00,0.0,0.6,-0.3,201.0
2025-05-27 15:32:42.629,2.8,nan,0.0,0.2,00:00:00,0.0,0.6,-0.3,201.0
2025-05-27 15:32:43.629,2.8,nan,0.0,0.2,00:00:00,0.0,0.6,-0.3,201.0
2025-05-27 15:32:44.629,2.8,nan,0.0,0.2,00:00:00,0.0,0.6,-0.3,201.0
2025-05-27 15:32:45.631,2.8,nan,0.0,0.2,00:00:00,0.0,0.6,-0.3,201.0
2025-05-27 15:32:46.631,2.8,nan,0.0,0.2,00:00:00,0.0,0.6,-0.3,201.0
2025-05-27 15:32:47.630,2.8,nan,0.0,0.2,00:00:00,0.0,0.6,-0.3,201.0
2025-05-27 15:32:48.627,2.8,nan,0.0,0.2,00:00:00,0.0,0.6,-0.3,201.0
2025-05-27 15:32:49.631,2.8,nan,0.0,0.2,00:00:00,0.0,0.6,-0.3,201.0
2025-05-27 15:32:50.630,2.8,nan,0.0,0.2,00:00:00,0.0,0.6,-0.3,201.0
2025-05-27 15:32:51.631,2.8,nan,0.0,0.2,00:00:00,0.0,0.6,-0.3,201.0
2025-05-27 15:32:52.630,2.8,nan,0.0,0.2,00:00:00,0.0,0.6,-0.3,201.0
2025-05-27 15:32:53.629,2.8,nan,0.0,0.2,00:00:00,0.0,0.6,-0.3,201.0
2025-05-27 15:32:54.633,2.8,nan,0.0,0.2,00:00:00,0.0,0.6,-0.3,201.0
2025-05-27 15:32:55.630,2.8,nan,0.0,0.2,00:00:00,0.0,0.6,-0.3,201.0
2025-05-27 15:32:56.632,2.8,nan,0.0,0.2,00:00:00,0.0,0.6,-0.3,201.0
2025-05-27 15:32:57.629,2.8,nan,0.0,0.2,00:00:00,0.0,0.6,-0.3,201.0
2025-05-27 15:32:58.630,2.8,nan,0.0,0.2,00:00:00,0.0,0.6,-0.3,201.0
2025-05-27 15:32:59.631,2.8,nan,0.0,0.2,00:00:00,0.0,0.6,-0.3,201.0
2025-05-27 15:33:00.630,2.8,nan,0.0,0.2,00:00:00,0.0,0.6,-0.3,201.0
2025-05-27 15:33:01.630,2.8,nan,0.0,0.2,00:00:00,0.0,0.6,-0.3,201.0
2025-05-27 15:33:02.630,2.8,nan,0.0,0.2,00:00:00,0.0,0.6,-0.3,201.0
2025-05-27 15:33:03.632,2.8,nan,0.0,0.2,00:00:00,0.0,0.6,-0.3,201.0
2025-05-27 15:33:04.628,2.8,nan,0.0,0.2,00:00:00,0.0,0.6,-0.3,201.0
2025-05-27 15:33:05.628,2.8,nan,0.0,0.2,00:00:00,0.0,0.6,-0.3,201.0
2025-05-27 15:33:06.630,2.8,nan,0.0,0.2,00:00:00,0.0,0.6,-0.3,201.0
2025-05-27 15:33:07.630,2.8,nan,0.0,0.2,00:00:00,0.0,0.6,-0.3,201.0
2025-05-27 15:33:08.629,2.8,nan,0.0,0.2,00:00:00,0.0,0.6,-0.3,201.0
2025-05-27 15:33:09.630,2.8,nan,0.0,0.2,00:00:00,0.0,0.6,-0.3,201.0
2025-05-27 15:33:10.631,2.8,nan,0.0,0.2,00:00:00,0.0,0.6,-0.3,201.0
2025-05-27 15:33:11.628,2.8,nan,0.0,0.2,00:00:00,0.0,0.6,-0.3,201.0
2025-05-27 15:33:12.630,2.8,nan,0.0,0.2,00:00:00,0.0,0.6,-0.3,201.0
2025-05-27 15:33:13.630,2.8,nan,0.0,0.2,00:00:00,0.0,0.6,-0.3,201.0
2025-05-27 15:33:14.628,2.8,nan,0.0,0.2,00:00:00,0.0,0.6,-0.3,201.0
2025-05-27 15:33:15.630,2.8,nan,0.0,0.2,00:00:00,0.0,0.6,-0.3,201.0
2025-05-27 15:33:16.628,2.8,nan,0.0,0.2,00:00:00,0.0,0.6,-0.3,201.0
2025-05-27 15:33:17.628,2.8,nan,0.0,0.2,00:00:00,0.0,0.6,-0.3,201.0
2025-05-27 15:33:18.641,2.8,nan,0.0,0.2,00:00:00,0.0,0.6,-0.3,201.0
2025-05-27 15:33:19.628,2.8,nan,0.0,0.2,00:00:00,0.0,0.6,-0.3,201.0
2025-05-27 15:33:20.628,2.8,nan,0.0,0.2,00:00:00,0.0,0.6,-0.3,201.0
2025-05-27 15:33:21.629,2.8,nan,0.0,0.2,00:00:00,0.0,0.6,-0.3,201.0
2025-05-27 15:33:22.629,2.8,nan,0.0,0.2,00:00:00,0.0,0.6,-0.3,201.0
2025-05-27 15:33:23.630,2.8,nan,0.0,0.2,00:00:00,0.0,0.6,-0.3,201.0
2025-05-27 15:33:24.631,2.8,nan,0.0,0.2,00:00:00,0.0,0.6,-0.3,201.0
2025-05-27 15:33:25.627,2.8,nan,0.0,0.2,00:00:00,0.0,0.6,-0.3,201.0
2025-05-27 15:33:26.633,2.8,nan,0.0,0.2,00:00:00,0.0,0.6,-0.3,201.0
2025-05-27 15:33:27.629,2.8,nan,0.0,0.2,00:00:00,0.0,0.6,-0.3,201.0
2025-05-27 15:33:28.632,2.8,nan,0.0,0.2,00:00:00,0.0,0.6,-0.3,201.0
2025-05-27 15:33:29.628,2.8,nan,0.0,0.2,00:00:00,0.0,0.6,-0.3,201.0
2025-05-27 15:33:30.629,2.8,nan,0.0,0.2,00:00:00,0.0,0.6,-0.3,201.0
2025-05-27 15:33:31.630,2.8,nan,0.0,0.2,00:00:00,0.0,0.6,-0.3,201.0
2025-05-27 15:33:32.631,2.8,nan,0.0,0.2,00:00:00,0.0,0.6,-0.3,201.0
2025-05-27 15:33:33.628,2.8,nan,0.0,0.2,00:00:00,0.0,0.6,-0.3,201.0
2025-05-27 15:33:34.631,2.8,nan,0.0,0.2,00:00:00,0.0,0.6,-0.3,201.0
2025-05-27 15:33:35.630,2.8,nan,0.0,0.2,00:00:00,0.0,0.6,-0.3,201.0
2025-05-27 15:33:36.633,2.8,nan,0.0,0.2,00:00:00,0.0,0.6,-0.3,201.0
2025-05-27 15:33:37.630,2.8,nan,0.0,0.2,00:00:00,0.0,0.6,-0.3,201.0
2025-05-27 15:33:38.629,2.8,nan,0.0,0.2,00:00:00,0.0,0.6,-0.3,201.0
2025-05-27 15:33:39.632,2.8,nan,0.0,0.2,00:00:00,0.0,0.6,-0.3,201.0
2025-05-27 15:33:40.627,2.8,nan,0.0,0.2,00:00:00,0.0,0.6,-0.3,201.0
2025-05-27 15:33:41.630,2.8,nan,0.0,0.2,00:00:00,0.0,0.6,-0.3,201.0
2025-05-27 15:33:42.633,2.8,nan,0.0,0.2,00:00:00,0.0,0.6,-0.3,201.0
2025-05-27 15:33:43.633,2.8,nan,0.0,0.2,00:00:00,0.0,0.6,-0.3,201.0
2025-05-27 15:33:44.629,2.8,nan,0.0,0.2,00:00:00,0.0,0.6,-0.3,201.0
2025-05-27 15:33:45.630,2.8,nan,0.0,0.2,00:00:00,0.0,0.6,-0.3,201.0
2025-05-27 15:33:46.630,2.8,nan,0.0,0.2,00:00:00,0.0,0.6,-0.3,201.0
2025-05-27 15:33:47.628,2.8,nan,0.0,0.2,00:00:00,0.0,0.6,-0.3,201.0
2025-05-27 15:33:48.629,2.8,nan,0.0,0.2,00:00:00,0.0,0.6,-0.3,201.0
2025-05-27 15:33:49.630,2.8,nan,0.0,0.2,00:00:00,0.0,0.6,-0.3,201.0
2025-05-27 15:33:50.632,2.8,nan,0.0,0.2,00:00:00,0.0,0.6,-0.3,201.0
2025-05-27 15:33:51.630,2.8,nan,0.0,0.2,00:00:00,0.0,0.6,-0.3,201.0
2025-05-27 15:33:52.630,2.8,nan,0.0,0.2,00:00:00,0.0,0.6,-0.3,201.0
2025-05-27 15:33:53.630,2.8,nan,0.0,0.2,00:00:00,0.0,0.6,-0.3,201.0
2025-05-27 15:33:54.629,2.8,nan,0.0,0.2,00:00:00,0.0,0.6,-0.3,201.0
2025-05-27 15:33:55.628,2.8,nan,0.0,0.2,00:00:00,0.0,0.6,-0.3,201.0
2025-05-27 15:33:56.630,2.8,nan,0.0,0.2,00:00:00,0.0,0.6,-0.3,201.0
2025-05-27 15:33:57.630,2.8,nan,0.0,0.2,00:00:00,0.0,0.6,-0.3,201.0
2025-05-27 15:33:58.632,2.8,nan,0.0,0.2,00:00:00,0.0,0.6,-0.3,201.0
2025-05-27 15:33:59.629,2.8,nan,0.0,0.2,00:00:00,0.0,0.6,-0.3,201.0
2025-05-27 15:34:00.630,2.8,nan,0.0,0.2,00:00:00,0.0,0.6,-0.3,201.0
2025-05-27 15:34:01.629,2.8,nan,0.0,0.2,00:00:00,0.0,0.6,-0.3,201.0
2025-05-27 15:34:02.630,2.8,nan,0.0,0.2,00:00:00,0.0,0.6,-0.3,201.0
2025-05-27 15:34:03.630,2.8,nan,0.0,0.2,00:00:00,0.0,0.6,-0.3,201.0
2025-05-27 15:34:04.632,2.8,nan,0.0,0.2,00:00:00,0.0,0.6,-0.3,201.0
2025-05-27 15:34:05.629,2.8,nan,0.0,0.2,00:00:00,0.0,0.6,-0.3,201.0
2025-05-27 15:34:06.629,2.8,nan,0.0,0.2,00:00:00,0.0,0.6,-0.3,201.0
2025-05-27 15:34:07.631,2.8,nan,0.0,0.2,00:00:00,0.0,0.6,-0.3,201.0
2025-05-27 15:34:08.632,2.8,nan,0.0,0.2,00:00:00,0.0,0.6,-0.3,201.0
2025-05-27 15:34:09.631,2.8,nan,0.0,0.2,00:00:00,0.0,0.6,-0.3,201.0
2025-05-27 15:34:10.631,2.8,nan,0.0,0.2,00:00:00,0.0,0.6,-0.3,201.0
2025-05-27 15:34:11.629,2.8,nan,0.0,0.2,00:00:00,0.0,0.6,-0.3,201.0
2025-05-27 15:34:12.629,2.8,nan,0.0,0.2,00:00:00,0.0,0.6,-0.3,201.0
2025-05-27 15:34:13.627,2.8,nan,0.0,0.2,00:00:00,0.0,0.6,-0.3,201.0
2025-05-27 15:34:14.630,2.8,nan,0.0,0.2,00:00:00,0.0,0.6,-0.3,201.0
2025-05-27 15:34:15.631,2.8,nan,0.0,0.2,00:00:00,0.0,0.6,-0.3,201.0
2025-05-27 15:34:16.630,2.8,nan,0.0,0.2,00:00:00,0.0,0.6,-0.3,201.0
2025-05-27 15:34:17.629,2.8,nan,0.0,0.2,00:00:00,0.0,0.6,-0.3,201.0
2025-05-27 15:34:18.630,2.8,nan,0.0,0.2,00:00:00,0.0,0.6,-0.3,201.0
2025-05-27 15:34:19.627,2.8,nan,0.0,0.2,00:00:00,0.0,0.6,-0.3,201.0
2025-05-27 15:34:20.631,2.8,nan,0.0,0.2,00:00:00,0.0,0.6,-0.3,201.0
2025-05-27 15:34:21.628,2.8,nan,0.0,0.2,00:00:00,0.0,0.6,-0.3,201.0
2025-05-27 15:34:22.629,2.8,nan,0.0,0.2,00:00:00,0.0,0.6,-0.3,201.0
2025-05-27 15:34:23.627,2.8,nan,0.0,0.2,00:00:00,0.0,0.6,-0.3,201.0
2025-05-27 15:34:24.629,2.8,nan,0.0,0.2,00:00:00,0.0,0.6,-0.3,201.0
2025-05-27 15:34:25.630,2.8,nan,0.0,0.2,00:00:00,0.0,0.6,-0.3,201.0
2025-05-27 15:34:26.632,2.8,nan,0.0,0.2,00:00:00,0.0,0.6,-0.3,201.0
2025-05-27 15:34:27.629,2.8,nan,0.0,0.2,00:00:00,0.0,0.6,-0.3,201.0
2025-05-27 15:34:28.629,2.8,nan,0.0,0.2,00:00:00,0.0,0.6,-0.3,201.0
2025-05-27 15:34:29.631,2.8,nan,0.0,0.2,00:00:00,0.0,0.6,-0.3,201.0
2025-05-27 15:34:30.630,2.8,nan,0.0,0.2,00:00:00,0.0,0.6,-0.3,201.0
2025-05-27 15:34:31.630,2.8,nan,0.0,0.2,00:00:00,0.0,0.6,-0.3,201.0
2025-05-27 15:34:32.627,2.8,nan,0.0,0.2,00:00:00,0.0,0.6,-0.3,201.0
2025-05-27 15:34:33.630,2.8,nan,0.0,0.2,00:00:00,0.0,0.6,-0.3,201.0
2025-05-27 15:34:34.630,2.8,nan,0.0,0.2,00:00:00,0.0,0.6,-0.3,201.0
2025-05-27 15:34:35.630,2.8,nan,0.0,0.2,00:00:00,0.0,0.6,-0.3,201.0
2025-05-27 15:34:36.627,2.8,nan,0.0,0.2,00:00:00,0.0,0.6,-0.3,201.0
2025-05-27 15:34:37.630,2.8,nan,0.0,0.2,00:00:00,0.0,0.6,-0.3,201.0
2025-05-27 15:34:38.629,2.8,nan,0.0,0.2,00:00:00,0.0,0.6,-0.3,201.0
2025-05-27 15:34:39.629,2.8,nan,0.0,0.2,00:00:00,0.0,0.6,-0.3,201.0
2025-05-27 15:34:40.629,2.8,nan,0.0,0.2,00:00:00,0.0,0.6,-0.3,201.0
2025-05-27 15:34:41.631,2.8,nan,0.0,0.2,00:00:00,0.0,0.6,-0.3,201.0
2025-05-27 15:34:42.629,2.8,nan,0.0,0.2,00:00:00,0.0,0.6,-0.3,201.0
2025-05-27 15:34:43.629,2.8,nan,0.0,0.2,00:00:00,0.0,0.6,-0.3,201.0
2025-05-27 15:34:44.631,2.8,nan,0.0,0.2,00:00:00,0.0,0.6,-0.3,201.0
2025-05-27 15:34:45.627,2.8,nan,0.0,0.2,00:00:00,0.0,0.6,-0.3,201.0
2025-05-27 15:34:46.628,2.8,nan,0.0,0.2,00:00:00,0.0,0.6,-0.3,201.0
2025-05-27 15:34:47.629,2.8,nan,0.0,0.2,00:00:00,0.0,0.6,-0.3,201.0
2025-05-27 15:34:48.631,2.8,nan,0.0,0.2,00:00:00,0.0,0.6,-0.3,201.0
2025-05-27 15:34:49.627,2.8,nan,0.0,0.2,00:00:00,0.0,0.6,-0.3,201.0
2025-05-27 15:34:50.629,2.8,nan,0.0,0.2,00:00:00,0.0,0.6,-0.3,201.0
2025-05-27 15:34:51.631,2.8,nan,0.0,0.2,00:00:00,0.0,0.6,-0.3,201.0
2025-05-27 15:34:52.630,2.8,nan,0.0,0.2,00:00:00,0.0,0.6,-0.3,201.0
2025-05-27 15:34:53.631,2.8,nan,0.0,0.2,00:00:00,0.0,0.6,-0.3,201.0
2025-05-27 15:34:54.632,2.8,nan,0.0,0.2,00:00:00,0.0,0.6,-0.3,201.0
2025-05-27 15:34:55.630,2.8,nan,0.0,0.2,00:00:00,0.0,0.6,-0.3,201.0
2025-05-27 15:34:56.629,2.8,nan,0.0,0.2,00:00:00,0.0,0.6,-0.3,201.0
2025-05-27 15:34:57.628,2.8,nan,0.0,0.2,00:00:00,0.0,0.6,-0.3,201.0
2025-05-27 15:34:58.631,2.8,nan,0.0,0.2,00:00:00,0.0,0.6,-0.3,201.0
2025-05-27 15:34:59.628,2.8,nan,0.0,0.2,00:00:00,0.0,0.6,-0.3,201.0
2025-05-27 15:35:00.630,2.8,nan,0.0,0.2,00:00:00,0.0,0.6,-0.3,201.0
2025-05-27 15:35:01.630,2.8,nan,0.0,0.2,00:00:00,0.0,0.6,-0.3,201.0
2025-05-27 15:35:02.632,2.8,nan,0.0,0.2,00:00:00,0.0,0.6,-0.3,201.0
2025-05-27 15:35:03.627,2.8,nan,0.0,0.2,00:00:00,0.0,0.6,-0.3,201.0
2025-05-27 15:35:04.632,2.8,nan,0.0,0.2,00:00:00,0.0,0.6,-0.3,201.0
2025-05-27 15:35:05.630,2.8,nan,0.0,0.2,00:00:00,0.0,0.6,-0.3,201.0
2025-05-27 15:35:06.628,2.8,nan,0.0,0.2,00:00:00,0.0,0.6,-0.3,201.0
2025-05-27 15:35:07.630,2.8,nan,0.0,0.2,00:00:00,0.0,0.6,-0.3,201.0
2025-05-27 15:35:08.630,2.8,nan,0.0,0.2,00:00:00,0.0,0.6,-0.3,201.0
2025-05-27 15:35:09.630,2.8,nan,0.0,0.2,00:00:00,0.0,0.6,-0.3,201.0
2025-05-27 15:35:10.629,2.8,nan,0.0,0.2,00:00:00,0.0,0.6,-0.3,201.0
2025-05-27 15:35:11.629,2.8,nan,0.0,0.2,00:00:00,0.0,0.6,-0.3,201.0
2025-05-27 15:35:12.629,2.8,nan,0.0,0.2,00:00:00,0.0,0.6,-0.3,201.0
2025-05-27 15:35:13.629,2.8,nan,0.0,0.2,00:00:00,0.0,0.6,-0.3,201.0
2025-05-27 15:35:14.630,2.8,nan,0.0,0.2,00:00:00,0.0,0.6,-0.3,201.0
2025-05-27 15:35:15.630,2.8,nan,0.0,0.2,00:00:00,0.0,0.6,-0.3,201.0
2025-05-27 15:35:16.631,2.8,nan,0.0,0.2,00:00:00,0.0,0.6,-0.3,201.0
2025-05-27 15:35:17.631,2.8,nan,0.0,0.2,00:00:00,0.0,0.6,-0.3,201.0
2025-05-27 15:35:18.630,2.8,nan,0.0,0.2,00:00:00,0.0,0.6,-0.3,201.0
2025-05-27 15:35:19.628,2.8,nan,0.0,0.2,00:00:00,0.0,0.6,-0.3,201.0
2025-05-27 15:35:20.629,2.8,nan,0.0,0.2,00:00:00,0.0,0.6,-0.3,201.0
2025-05-27 15:35:21.630,2.8,nan,0.0,0.2,00:00:00,0.0,0.6,-0.3,201.0
2025-05-27 15:35:22.631,2.8,nan,0.0,0.2,00:00:00,0.0,0.6,-0.3,201.0
2025-05-27 15:35:23.631,2.8,nan,0.0,0.2,00:00:00,0.0,0.6,-0.3,201.0
2025-05-27 15:35:24.629,2.8,nan,0.0,0.2,00:00:00,0.0,0.6,-0.3,201.0
2025-05-27 15:35:25.631,2.8,nan,0.0,0.2,00:00:00,0.0,0.6,-0.3,201.0
2025-05-27 15:35:26.631,2.8,nan,0.0,0.2,00:00:00,0.0,0.6,-0.3,201.0
2025-05-27 15:35:27.628,2.8,nan,0.0,0.2,00:00:00,0.0,0.6,-0.3,201.0
2025-05-27 15:35:28.631,2.8,nan,0.0,0.2,00:00:00,0.0,0.6,-0.3,201.0
2025-05-27 15:35:29.630,2.8,nan,0.0,0.2,00:00:00,0.0,0.6,-0.3,201.0
2025-05-27 15:35:30.631,2.8,nan,0.0,0.2,00:00:00,0.0,0.6,-0.3,201.0
2025-05-27 15:35:31.629,2.8,nan,0.0,0.2,00:00:00,0.0,0.6,-0.3,201.0
2025-05-27 15:35:32.630,2.8,nan,0.0,0.2,00:00:00,0.0,0.6,-0.3,201.0
2025-05-27 15:35:33.631,2.8,nan,0.0,0.2,00:00:00,0.0,0.6,-0.3,201.0
2025-05-27 15:35:34.631,2.8,nan,0.0,0.2,00:00:00,0.0,0.6,-0.3,201.0
2025-05-27 15:35:35.631,2.8,nan,0.0,0.2,00:00:00,0.0,0.6,-0.3,201.0
2025-05-27 15:35:36.631,2.8,nan,0.0,0.2,00:00:00,0.0,0.6,-0.3,201.0
2025-05-27 15:35:37.631,2.8,nan,0.0,0.2,00:00:00,0.0,0.6,-0.3,201.0
2025-05-27 15:35:38.628,2.8,nan,0.0,0.2,00:00:00,0.0,0.6,-0.3,201.0
2025-05-27 15:35:39.631,2.8,nan,0.0,0.2,00:00:00,0.0,0.6,-0.3,201.0
2025-05-27 15:35:40.632,2.8,nan,0.0,0.2,00:00:00,0.0,0.6,-0.3,201.0
2025-05-27 15:35:41.628,2.8,nan,0.0,0.2,00:00:00,0.0,0.6,-0.3,201.0
2025-05-27 15:35:42.628,2.8,nan,0.0,0.2,00:00:00,0.0,0.6,-0.3,201.0
2025-05-27 15:35:43.631,2.8,nan,0.0,0.2,00:00:00,0.0,0.6,-0.3,201.0
2025-05-27 15:35:44.631,2.8,nan,0.0,0.2,00:00:00,0.0,0.6,-0.3,201.0
2025-05-27 15:35:45.629,2.8,nan,0.0,0.2,00:00:00,0.0,0.6,-0.3,201.0
2025-05-27 15:35:46.632,2.8,nan,0.0,0.2,00:00:00,0.0,0.6,-0.3,201.0
2025-05-27 15:35:47.630,2.8,nan,0.0,0.2,00:00:00,0.0,0.6,-0.3,201.0
2025-05-27 15:35:48.631,2.8,nan,0.0,0.2,00:00:00,0.0,0.6,-0.3,201.0
2025-05-27 15:35:49.630,2.8,nan,0.0,0.2,00:00:00,0.0,0.6,-0.3,201.0
2025-05-27 15:35:50.630,2.8,nan,0.0,0.2,00:00:00,0.0,0.6,-0.3,201.0
2025-05-27 15:35:51.630,2.8,nan,0.0,0.2,00:00:00,0.0,0.6,-0.3,201.0
2025-05-27 15:35:52.631,2.8,nan,0.0,0.2,00:00:00,0.0,0.6,-0.3,201.0
2025-05-27 15:35:53.628,2.8,nan,0.0,0.2,00:00:00,0.0,0.6,-0.3,201.0
2025-05-27 15:35:54.628,2.8,nan,0.0,0.2,00:00:00,0.0,0.6,-0.3,201.0
2025-05-27 15:35:55.631,2.8,nan,0.0,0.2,00:00:00,0.0,0.6,-0.3,201.0
2025-05-27 15:35:56.630,2.8,nan,0.0,0.2,00:00:00,0.0,0.6,-0.3,201.0
2025-05-27 15:35:57.631,2.8,nan,0.0,0.2,00:00:00,0.0,0.6,-0.3,201.0
2025-05-27 15:35:58.630,2.8,nan,0.0,0.2,00:00:00,0.0,0.6,-0.3,201.0
2025-05-27 15:35:59.630,2.8,nan,0.0,0.2,00:00:00,0.0,0.6,-0.3,201.0
2025-05-27 15:36:00.629,2.8,nan,0.0,0.2,00:00:00,0.0,0.6,-0.3,201.0
2025-05-27 15:36:01.629,2.8,nan,0.0,0.2,00:00:00,0.0,0.6,-0.3,201.0
2025-05-27 15:36:02.628,2.8,nan,0.0,0.2,00:00:00,0.0,0.6,-0.3,201.0
2025-05-27 15:36:03.630,2.8,nan,0.0,0.2,00:00:00,0.0,0.6,-0.3,201.0
2025-05-27 15:36:04.632,2.8,nan,0.0,0.2,00:00:00,0.0,0.6,-0.3,201.0
2025-05-27 15:36:05.630,2.8,nan,0.0,0.2,00:00:00,0.0,0.6,-0.3,201.0
2025-05-27 15:36:06.630,2.8,nan,0.0,0.2,00:00:00,0.0,0.6,-0.3,201.0
2025-05-27 15:36:07.627,2.8,nan,0.0,0.2,00:00:00,0.0,0.6,-0.3,201.0
2025-05-27 15:36:08.630,2.8,nan,0.0,0.2,00:00:00,0.0,0.6,-0.3,201.0
2025-05-27 15:36:09.661,2.8,nan,0.0,0.2,00:00:00,0.0,0.6,-0.3,201.0
2025-05-27 15:36:10.644,2.8,nan,0.0,0.2,00:00:00,0.0,0.6,-0.3,201.0
2025-05-27 15:36:22.242,2.8,nan,0.0,0.2,00:00:00,0.0,0.6,-0.3,201.0
2025-05-27 15:36:23.442,2.8,nan,0.0,0.2,00:00:00,0.0,0.6,-0.3,201.0
2025-05-27 15:36:24.090,2.8,nan,0.0,0.2,00:00:00,0.0,0.6,-0.3,201.0
2025-05-27 15:36:25.015,2.8,nan,0.0,0.2,00:00:00,0.0,0.6,-0.3,201.0
2025-05-27 15:36:25.935,2.8,nan,0.0,0.2,00:00:00,0.0,0.6,-0.3,201.0
2025-05-27 15:36:26.910,2.8,nan,0.0,0.2,00:00:00,0.0,0.6,-0.3,201.0
2025-05-27 15:36:27.941,2.8,nan,0.0,0.2,00:00:00,0.0,0.6,-0.3,201.0
2025-05-27 15:36:29.534,2.8,nan,0.0,0.2,00:00:00,0.0,0.6,-0.3,201.0
2025-05-27 15:36:30.244,2.8,nan,0.0,0.2,00:00:00,0.0,0.6,-0.3,201.0
2025-05-27 15:36:31.013,2.8,nan,0.0,0.2,00:00:00,0.0,0.6,-0.3,201.0
