2025-05-24 11:29:24.955,0.0,0.0,0.0,0.0,00:00:00,0.0,0.0,0.0,0.0
2025-05-24 11:29:25.564,1.3,nan,0.1,1.8,00:00:00,0.0,0.8,0.8,296.0
2025-05-24 11:29:26.514,1.2,nan,0.1,1.8,00:00:00,0.0,0.8,0.7,296.0
2025-05-24 11:29:27.506,1.2,nan,0.1,1.5,00:00:00,0.0,0.9,0.5,296.0
2025-05-24 11:29:28.507,1.2,nan,0.1,1.4,00:00:00,0.0,0.9,0.2,296.0
2025-05-24 11:29:29.508,1.2,nan,0.1,1.1,00:00:00,0.0,0.9,0.0,297.0
2025-05-24 11:29:30.511,1.2,nan,0.1,1.0,00:00:00,0.0,0.8,-0.0,297.0
2025-05-24 11:29:31.510,1.3,nan,0.1,0.8,00:00:00,0.0,0.8,-0.1,297.0
2025-05-24 11:29:32.524,1.5,nan,0.1,0.7,00:00:00,0.0,0.8,-0.3,297.0
2025-05-24 11:29:33.506,1.5,nan,0.1,0.6,00:00:00,0.0,0.7,-0.4,297.0
2025-05-24 11:29:34.504,1.5,nan,0.1,0.6,00:00:00,0.0,0.7,-0.5,297.0
2025-05-24 11:29:35.512,1.5,nan,0.1,0.6,00:00:00,0.0,0.9,-0.5,297.0
2025-05-24 11:29:36.506,1.3,nan,0.0,0.6,00:00:00,0.0,0.9,-0.5,297.0
2025-05-24 11:29:37.506,1.1,nan,0.0,0.8,00:00:00,0.0,1.0,-0.5,297.0
2025-05-24 11:29:38.511,1.1,nan,-0.0,1.0,00:00:00,0.0,1.0,-0.6,297.0
2025-05-24 11:29:39.506,0.9,nan,-0.1,1.2,00:00:00,0.0,1.0,-0.5,297.0
2025-05-24 11:29:40.512,0.8,nan,-0.1,1.2,00:00:00,0.0,1.0,-0.4,297.0
2025-05-24 11:29:41.505,0.7,nan,-0.1,1.2,00:00:00,0.0,1.1,-0.3,297.0
2025-05-24 11:29:42.505,0.7,nan,-0.1,1.2,00:00:00,0.0,1.1,-0.2,297.0
2025-05-24 11:29:43.509,0.6,nan,-0.1,1.2,00:00:00,0.0,1.1,0.0,297.0
2025-05-24 11:29:44.506,0.6,nan,-0.1,1.2,00:00:00,0.0,1.1,0.1,297.0
2025-05-24 11:29:45.508,0.5,nan,-0.1,1.1,00:00:00,0.0,1.2,0.3,297.0
2025-05-24 11:29:46.504,0.5,nan,-0.1,0.9,00:00:00,0.0,1.3,0.5,297.0
2025-05-24 11:29:47.504,0.5,nan,-0.1,0.6,00:00:00,0.0,1.4,0.7,297.0
2025-05-24 11:29:48.507,0.5,nan,-0.1,0.4,00:00:00,0.0,1.5,0.8,297.0
2025-05-24 11:29:49.504,0.5,nan,-0.1,0.2,00:00:00,0.0,1.6,0.9,297.0
2025-05-24 11:29:51.272,0.5,nan,-0.1,0.2,00:00:00,0.0,1.6,0.9,297.0
2025-05-24 11:29:51.933,0.6,nan,-0.0,0.1,00:00:00,0.0,1.5,0.9,297.0
2025-05-24 11:29:52.538,0.6,nan,-0.1,0.1,00:00:00,0.0,1.5,0.8,297.0
2025-05-24 11:29:53.540,0.5,nan,-0.1,0.1,00:00:00,0.0,1.5,0.7,297.0
2025-05-24 11:29:54.508,0.4,nan,-0.1,0.1,00:00:00,0.0,1.5,0.8,297.0
2025-05-24 11:29:55.508,0.3,nan,-0.1,0.2,00:00:00,0.0,1.5,0.7,297.0
2025-05-24 11:29:56.506,0.2,nan,-0.1,0.2,00:00:00,0.0,1.5,0.6,297.0
2025-05-24 11:29:57.507,0.1,nan,-0.2,0.3,00:00:00,0.0,1.5,0.4,297.0
2025-05-24 11:29:58.506,0.0,nan,-0.2,0.4,00:00:00,0.0,1.5,0.4,297.0
2025-05-24 11:29:59.507,-0.0,nan,-0.2,0.3,00:00:00,0.0,1.5,0.5,297.0
2025-05-24 11:30:00.508,0.0,nan,-0.2,0.2,00:00:00,0.0,1.4,0.7,297.0
2025-05-24 11:30:01.508,0.1,nan,-0.1,0.1,00:00:00,0.0,1.4,0.8,297.0
2025-05-24 11:30:02.505,0.3,nan,-0.0,0.1,00:00:00,0.0,1.4,0.9,297.0
2025-05-24 11:30:03.508,0.5,nan,0.0,0.2,00:00:00,0.0,1.4,0.8,297.0
2025-05-24 11:30:04.505,0.7,nan,0.0,0.2,00:00:00,0.0,1.5,0.8,297.0
2025-05-24 11:30:05.509,0.7,nan,0.1,0.1,00:00:00,0.0,1.4,0.6,297.0
2025-05-24 11:30:06.509,0.7,nan,0.1,0.1,00:00:00,0.0,1.3,0.6,297.0
2025-05-24 11:30:07.509,0.7,nan,0.0,0.0,00:00:00,0.0,1.3,0.4,297.0
2025-05-24 11:30:08.506,0.6,nan,0.0,0.1,00:00:00,0.0,1.3,0.4,297.0
2025-05-24 11:30:09.511,0.6,nan,-0.0,0.1,00:00:00,0.0,1.2,0.4,297.0
2025-05-24 11:30:10.509,0.5,nan,-0.0,0.2,00:00:00,0.0,1.2,0.4,297.0
2025-05-24 11:30:11.505,0.5,nan,-0.0,0.2,00:00:00,0.0,1.1,0.4,297.0
2025-05-24 11:30:12.510,0.5,nan,-0.0,0.2,00:00:00,0.0,1.1,0.5,297.0
2025-05-24 11:30:13.510,0.5,nan,-0.0,0.2,00:00:00,0.0,1.2,0.4,297.0
2025-05-24 11:30:14.509,0.5,nan,-0.0,0.2,00:00:00,0.0,1.1,0.5,297.0
2025-05-24 11:30:15.511,0.5,nan,-0.0,0.3,00:00:00,0.0,1.2,0.5,297.0
2025-05-24 11:30:16.507,0.6,nan,-0.0,0.1,00:00:00,0.0,1.1,0.7,297.0
2025-05-24 11:30:17.509,0.6,nan,-0.0,0.1,00:00:00,0.0,1.1,0.6,297.0
2025-05-24 11:30:18.508,0.5,nan,-0.0,0.2,00:00:00,0.0,1.1,0.5,297.0
2025-05-24 11:30:19.507,0.5,nan,-0.0,0.2,00:00:00,0.0,1.1,0.6,297.0
2025-05-24 11:30:20.511,0.6,nan,0.0,0.1,00:00:00,0.0,1.0,0.8,297.0
2025-05-24 11:30:21.513,0.7,nan,0.0,0.0,00:00:00,0.0,1.0,0.8,297.0
2025-05-24 11:30:22.514,0.8,nan,0.1,0.0,00:00:00,0.0,1.0,0.8,297.0
2025-05-24 11:30:23.510,0.8,nan,0.1,0.1,00:00:00,0.0,0.9,0.8,297.0
2025-05-24 11:30:24.507,0.8,nan,0.0,0.1,00:00:00,0.0,1.0,0.7,297.0
2025-05-24 11:30:25.505,0.7,nan,0.0,0.2,00:00:00,0.0,1.0,0.7,297.0
2025-05-24 11:30:26.507,0.7,nan,0.0,0.1,00:00:00,0.0,1.1,0.7,297.0
2025-05-24 11:30:27.509,0.7,nan,0.0,0.0,00:00:00,0.0,1.1,0.7,297.0
2025-05-24 11:30:28.509,0.6,nan,-0.0,0.1,00:00:00,0.0,1.2,0.7,297.0
2025-05-24 11:30:29.504,0.5,nan,-0.0,0.0,00:00:00,0.0,1.1,0.7,297.0
2025-05-24 11:30:30.509,0.5,nan,-0.0,0.1,00:00:00,0.0,1.1,0.8,297.0
2025-05-24 11:30:31.509,0.7,nan,0.0,0.2,00:00:00,0.0,1.2,0.8,297.0
2025-05-24 11:30:32.511,0.8,nan,0.0,0.3,00:00:00,0.0,1.2,0.8,297.0
2025-05-24 11:30:33.510,0.8,nan,0.1,0.3,00:00:00,0.0,1.2,0.8,297.0
2025-05-24 11:30:34.511,0.9,nan,0.1,0.2,00:00:00,0.0,1.2,0.6,297.0
2025-05-24 11:30:35.507,0.9,nan,0.0,0.1,00:00:00,0.0,1.3,0.5,297.0
2025-05-24 11:30:36.507,0.9,nan,0.0,0.1,00:00:00,0.0,1.3,0.4,297.0
2025-05-24 11:30:37.511,0.8,nan,0.0,0.2,00:00:00,0.0,1.4,0.3,297.0
2025-05-24 11:30:38.506,0.7,nan,-0.0,0.2,00:00:00,0.0,1.4,0.2,297.0
2025-05-24 11:30:39.507,0.7,nan,0.0,0.2,00:00:00,0.0,1.3,0.3,297.0
2025-05-24 11:30:40.505,0.8,nan,0.0,0.1,00:00:00,0.0,1.3,0.4,297.0
2025-05-24 11:30:41.512,0.9,nan,0.1,0.2,00:00:00,0.0,1.2,0.3,297.0
2025-05-24 11:30:42.509,0.9,nan,0.0,0.3,00:00:00,0.0,1.2,0.2,297.0
2025-05-24 11:30:43.509,0.9,nan,0.0,0.4,00:00:00,0.0,1.1,0.1,297.0
2025-05-24 11:30:44.509,0.9,nan,0.0,0.5,00:00:00,0.0,1.1,0.1,297.0
2025-05-24 11:30:45.509,0.8,nan,0.0,0.4,00:00:00,0.0,1.1,0.2,297.0
2025-05-24 11:30:46.508,0.8,nan,0.0,0.4,00:00:00,0.0,1.0,0.3,297.0
2025-05-24 11:30:47.511,0.7,nan,-0.0,0.3,00:00:00,0.0,1.0,0.3,297.0
2025-05-24 11:30:48.514,0.7,nan,-0.0,0.2,00:00:00,0.0,1.1,0.4,297.0
2025-05-24 11:30:49.510,0.6,nan,-0.0,0.2,00:00:00,0.0,1.0,0.6,297.0
2025-05-24 11:30:50.509,0.7,nan,0.0,0.1,00:00:00,0.0,1.0,0.6,297.0
2025-05-24 11:30:51.508,0.7,nan,0.0,0.1,00:00:00,0.0,0.9,0.7,297.0
2025-05-24 11:30:52.510,0.7,nan,0.0,0.1,00:00:00,0.0,0.9,0.7,297.0
2025-05-24 11:30:53.505,0.8,nan,0.0,0.1,00:00:00,0.0,1.0,0.7,297.0
2025-05-24 11:30:54.505,0.8,nan,0.0,0.2,00:00:00,0.0,1.1,0.6,297.0
2025-05-24 11:30:55.507,0.8,nan,0.0,0.3,00:00:00,0.0,1.1,0.6,297.0
2025-05-24 11:30:56.506,0.8,nan,0.0,0.4,00:00:00,0.0,1.1,0.6,297.0
2025-05-24 11:30:57.510,0.9,nan,0.0,0.6,00:00:00,0.0,1.1,0.5,297.0
2025-05-24 11:30:58.508,0.9,nan,0.0,0.7,00:00:00,0.0,1.1,0.4,297.0
2025-05-24 11:30:59.508,0.8,nan,0.0,0.7,00:00:00,0.0,1.1,0.4,297.0
2025-05-24 11:31:00.507,0.7,nan,-0.0,0.6,00:00:00,0.0,1.1,0.5,297.0
2025-05-24 11:31:01.510,0.6,nan,-0.0,0.4,00:00:00,0.0,1.0,0.7,297.0
2025-05-24 11:31:02.505,0.7,nan,-0.0,0.1,00:00:00,0.0,0.9,0.9,297.0
2025-05-24 11:31:03.507,0.7,nan,-0.0,0.0,00:00:00,0.0,0.9,1.0,297.0
2025-05-24 11:31:04.512,0.7,nan,0.0,0.1,00:00:00,0.0,1.0,1.0,297.0
2025-05-24 11:31:05.505,0.7,nan,0.0,0.1,00:00:00,0.0,1.0,0.9,297.0
2025-05-24 11:31:06.507,0.7,nan,-0.0,0.2,00:00:00,0.0,1.0,0.9,297.0
2025-05-24 11:31:07.506,0.7,nan,0.0,0.2,00:00:00,0.0,1.0,0.8,297.0
2025-05-24 11:31:08.510,0.7,nan,0.0,0.3,00:00:00,0.0,1.1,0.8,297.0
2025-05-24 11:31:09.512,0.8,nan,0.0,0.3,00:00:00,0.0,1.1,0.7,297.0
2025-05-24 11:31:10.510,0.9,nan,0.1,0.3,00:00:00,0.0,1.2,0.6,297.0
2025-05-24 11:31:11.506,1.1,nan,0.1,0.3,00:00:00,0.0,1.1,0.6,297.0
2025-05-24 11:31:12.507,1.2,nan,0.1,0.3,00:00:00,0.0,1.1,0.6,297.0
2025-05-24 11:31:13.515,1.3,nan,0.1,0.3,00:00:00,0.0,1.2,0.5,297.0
2025-05-24 11:31:14.509,1.3,nan,0.1,0.3,00:00:00,0.0,1.2,0.4,297.0
2025-05-24 11:31:15.506,1.3,nan,0.1,0.2,00:00:00,0.0,1.2,0.4,297.0
2025-05-24 11:31:16.509,1.2,nan,0.1,0.2,00:00:00,0.0,1.3,0.2,297.0
2025-05-24 11:31:17.511,1.2,nan,0.1,0.2,00:00:00,0.0,1.4,0.1,297.0
2025-05-24 11:31:18.509,1.1,nan,0.1,0.3,00:00:00,0.0,1.5,0.1,297.0
2025-05-24 11:31:19.504,1.1,nan,0.0,0.4,00:00:00,0.0,1.5,0.1,297.0
2025-05-24 11:31:20.506,1.0,nan,0.0,0.3,00:00:00,0.0,1.5,0.3,297.0
2025-05-24 11:31:21.510,1.0,nan,0.0,0.2,00:00:00,0.0,1.4,0.5,297.0
2025-05-24 11:31:22.508,1.0,nan,0.0,0.2,00:00:00,0.0,1.4,0.6,297.0
2025-05-24 11:31:23.508,1.0,nan,0.0,0.3,00:00:00,0.0,1.3,0.7,297.0
2025-05-24 11:31:24.511,1.1,nan,0.0,0.3,00:00:00,0.0,1.4,0.6,297.0
2025-05-24 11:31:25.512,1.0,nan,0.0,0.2,00:00:00,0.0,1.4,0.6,297.0
2025-05-24 11:31:26.507,0.9,nan,0.0,0.2,00:00:00,0.0,1.5,0.5,297.0
2025-05-24 11:31:27.510,0.9,nan,0.0,0.0,00:00:00,0.0,1.6,0.4,297.0
2025-05-24 11:31:28.507,0.7,nan,-0.1,0.2,00:00:00,0.0,1.7,0.3,297.0
2025-05-24 11:31:29.509,0.6,nan,-0.1,0.2,00:00:00,0.0,1.7,0.3,297.0
2025-05-24 11:31:30.505,0.5,nan,-0.1,0.2,00:00:00,0.0,1.6,0.4,298.0
2025-05-24 11:31:31.506,0.6,nan,0.0,0.6,00:00:00,0.0,10.8,3.1,302.0
2025-05-24 11:31:32.511,0.8,nan,-0.3,1.2,00:00:00,0.0,-2.3,2.5,221.0
2025-05-24 11:31:33.510,0.6,nan,0.7,0.4,00:00:00,0.0,-9.5,39.8,193.0
2025-05-24 11:31:34.504,1.1,nan,0.0,0.9,00:00:00,0.0,-14.0,4.5,119.0
2025-05-24 11:31:35.504,1.0,nan,-0.1,1.8,00:00:00,0.0,-11.8,-8.3,170.0
2025-05-24 11:31:36.511,0.9,nan,-0.2,1.0,00:00:00,0.0,-9.4,-9.6,325.0
2025-05-24 11:31:37.509,0.9,nan,0.1,0.8,00:00:00,0.0,8.9,-12.4,97.0
2025-05-24 11:31:38.505,1.0,nan,-0.1,1.9,00:00:00,0.0,0.9,-7.0,43.0
2025-05-24 11:31:39.506,1.1,nan,0.1,2.0,00:00:00,0.0,-0.5,-6.6,26.0
2025-05-24 11:31:40.509,1.7,nan,0.0,1.1,00:00:00,0.0,-6.9,-15.3,15.0
2025-05-24 11:31:41.505,0.8,nan,-0.8,0.2,00:00:00,0.0,1.1,7.1,341.0
2025-05-24 11:31:42.509,1.0,nan,0.5,1.4,00:00:00,0.0,0.5,-14.9,328.0
2025-05-24 11:31:43.511,1.0,nan,-0.3,2.9,00:00:00,0.0,12.9,-5.3,222.0
2025-05-24 11:31:44.512,0.9,nan,-0.0,2.4,00:00:00,0.0,6.4,1.8,155.0
2025-05-24 11:31:45.505,1.0,nan,0.1,3.0,00:00:00,0.0,-18.6,-3.1,187.0
2025-05-24 11:31:46.510,1.1,nan,0.1,2.2,00:00:00,0.0,0.1,-8.5,230.0
2025-05-24 11:31:47.511,1.3,nan,0.0,1.5,00:00:00,0.0,20.7,-3.6,204.0
2025-05-24 11:31:48.510,1.4,nan,0.1,0.8,00:00:00,0.0,-5.0,-7.4,214.0
2025-05-24 11:31:49.510,1.3,nan,0.0,2.4,00:00:00,0.0,-11.2,-5.1,285.0
2025-05-24 11:31:50.511,1.4,nan,0.1,2.6,00:00:00,0.0,-4.4,-12.0,308.0
2025-05-24 11:31:51.511,1.5,nan,0.0,1.7,00:00:00,0.0,5.3,-18.2,289.0
2025-05-24 11:31:52.507,1.6,nan,-0.1,3.0,00:00:00,0.0,5.0,-7.3,158.0
2025-05-24 11:31:53.511,1.1,nan,-0.2,2.6,00:00:00,0.0,11.7,47.4,97.0
2025-05-24 11:31:54.509,1.4,nan,1.0,2.6,00:00:00,0.0,-7.0,-6.1,75.0
2025-05-24 11:31:55.506,2.0,nan,0.2,1.9,00:00:00,0.0,7.7,-44.1,48.0
2025-05-24 11:31:56.511,1.9,nan,-0.1,1.4,00:00:00,0.0,11.7,-18.8,44.0
2025-05-24 11:31:57.506,1.5,nan,-0.5,0.2,00:00:00,0.0,20.3,14.6,12.0
2025-05-24 11:31:58.508,1.2,nan,-0.1,2.1,00:00:00,0.0,24.7,39.8,279.0
2025-05-24 11:31:59.510,1.1,nan,0.2,1.8,00:00:00,0.0,0.2,20.8,139.0
2025-05-24 11:32:00.511,1.5,nan,0.1,3.3,00:00:00,0.0,-39.0,-4.5,155.0
2025-05-24 11:32:01.505,1.3,nan,-0.1,1.7,00:00:00,0.0,-3.1,-2.7,256.0
2025-05-24 11:32:02.508,1.2,nan,-0.2,0.6,00:00:00,0.0,-4.6,6.3,309.0
2025-05-24 11:32:03.506,1.1,nan,-0.6,1.1,00:00:00,0.0,1.8,5.3,338.0
2025-05-24 11:32:04.510,0.8,nan,-0.1,0.9,00:00:00,0.0,-2.9,0.4,313.0
2025-05-24 11:32:05.510,0.7,nan,-0.1,1.2,00:00:00,0.0,-0.9,0.6,312.0
2025-05-24 11:32:06.507,0.6,nan,-0.1,1.4,00:00:00,0.0,-0.6,0.8,312.0
2025-05-24 11:32:07.512,0.7,nan,-0.0,1.4,00:00:00,0.0,-0.3,0.9,312.0
2025-05-24 11:32:08.504,0.7,nan,-0.0,1.3,00:00:00,0.0,0.1,0.9,312.0
2025-05-24 11:32:09.510,0.7,nan,-0.0,1.1,00:00:00,0.0,0.4,0.8,312.0
2025-05-24 11:32:10.507,0.7,nan,-0.0,0.9,00:00:00,0.0,0.7,0.7,312.0
2025-05-24 11:32:11.508,0.7,nan,-0.0,0.6,00:00:00,0.0,1.0,0.6,312.0
2025-05-24 11:32:12.510,0.8,nan,0.0,0.3,00:00:00,0.0,1.3,0.3,312.0
2025-05-24 11:32:13.506,0.8,nan,0.0,0.5,00:00:00,0.0,1.5,0.1,312.0
2025-05-24 11:32:14.512,0.9,nan,0.1,0.7,00:00:00,0.0,1.6,0.0,312.0
2025-05-24 11:32:15.510,1.0,nan,0.1,0.8,00:00:00,0.0,1.7,0.1,312.0
2025-05-24 11:32:16.506,1.0,nan,0.1,0.9,00:00:00,0.0,1.7,0.1,312.0
2025-05-24 11:32:17.510,0.9,nan,0.0,0.8,00:00:00,0.0,1.7,0.3,312.0
2025-05-24 11:32:18.511,0.9,nan,0.0,0.7,00:00:00,0.0,1.7,0.4,312.0
2025-05-24 11:32:19.510,0.8,nan,0.0,0.6,00:00:00,0.0,1.6,0.5,312.0
2025-05-24 11:32:20.512,0.8,nan,0.0,0.4,00:00:00,0.0,1.5,0.6,312.0
2025-05-24 11:32:21.509,0.7,nan,0.0,0.2,00:00:00,0.0,1.4,0.8,312.0
2025-05-24 11:32:22.511,0.7,nan,-0.0,0.2,00:00:00,0.0,1.2,0.9,312.0
2025-05-24 11:32:23.509,0.7,nan,0.0,0.2,00:00:00,0.0,1.2,0.9,312.0
2025-05-24 11:32:24.511,0.7,nan,0.0,0.3,00:00:00,0.0,1.1,0.9,312.0
2025-05-24 11:32:25.505,0.8,nan,0.0,0.3,00:00:00,0.0,1.0,0.8,312.0
2025-05-24 11:32:26.507,0.9,nan,0.0,0.3,00:00:00,0.0,1.0,0.7,312.0
2025-05-24 11:32:27.508,0.8,nan,0.0,0.2,00:00:00,0.0,1.0,0.6,312.0
2025-05-24 11:32:28.510,0.7,nan,-0.0,0.3,00:00:00,0.0,1.0,0.5,312.0
2025-05-24 11:32:29.507,0.7,nan,-0.0,0.4,00:00:00,0.0,1.1,0.4,312.0
2025-05-24 11:32:30.512,0.7,nan,-0.0,0.6,00:00:00,0.0,-9.3,-0.8,316.0
2025-05-24 11:32:31.508,0.7,nan,-0.0,0.7,00:00:00,0.0,1.3,-0.2,315.0
2025-05-24 11:32:32.507,0.7,nan,0.0,0.8,00:00:00,0.0,1.3,-0.1,315.0
2025-05-24 11:32:33.508,0.7,nan,0.3,1.0,00:00:00,0.0,-5.8,0.7,314.0
2025-05-24 11:32:34.509,1.3,nan,-0.2,1.7,00:00:00,0.0,0.9,-13.9,259.0
2025-05-24 11:32:35.507,0.7,nan,-0.0,0.2,00:00:00,0.0,1.5,27.7,199.0
2025-05-24 11:32:36.506,1.1,nan,-0.4,1.0,00:00:00,0.0,9.8,-8.1,289.0
2025-05-24 11:32:37.506,1.0,nan,0.1,0.6,00:00:00,0.0,0.3,3.0,318.0
2025-05-24 11:32:38.509,1.1,nan,0.1,0.5,00:00:00,0.0,1.3,0.2,316.0
2025-05-24 11:32:39.506,1.2,nan,0.1,0.5,00:00:00,0.0,1.2,0.3,316.0
2025-05-24 11:32:40.511,1.2,nan,0.1,0.3,00:00:00,0.0,1.2,0.2,316.0
2025-05-24 11:32:41.513,1.3,nan,0.1,0.1,00:00:00,0.0,1.3,0.1,315.0
2025-05-24 11:32:42.509,1.4,nan,0.1,0.1,00:00:00,0.0,1.4,0.1,315.0
2025-05-24 11:32:43.507,1.4,nan,0.1,0.1,00:00:00,0.0,1.4,0.0,315.0
2025-05-24 11:32:44.512,1.4,nan,0.1,0.4,00:00:00,0.0,1.3,-0.1,315.0
2025-05-24 11:32:45.507,1.3,nan,0.1,0.5,00:00:00,0.0,1.3,-0.1,314.0
2025-05-24 11:32:46.506,1.3,nan,0.1,0.6,00:00:00,0.0,1.3,-0.1,314.0
2025-05-24 11:32:47.512,1.2,nan,0.0,0.7,00:00:00,0.0,1.4,-0.1,314.0
2025-05-24 11:32:48.514,1.1,nan,0.0,0.7,00:00:00,0.0,1.4,-0.0,314.0
2025-05-24 11:32:49.511,1.1,nan,0.0,0.7,00:00:00,0.0,1.5,0.0,313.0
2025-05-24 11:32:50.512,1.0,nan,-0.0,0.7,00:00:00,0.0,1.5,0.1,313.0
2025-05-24 11:32:51.507,0.9,nan,-0.0,0.6,00:00:00,0.0,1.6,0.3,313.0
2025-05-24 11:32:52.506,0.8,nan,-0.0,0.5,00:00:00,0.0,1.7,0.3,313.0
2025-05-24 11:32:53.510,0.8,nan,0.0,0.4,00:00:00,0.0,1.8,0.4,312.0
2025-05-24 11:32:54.506,0.8,nan,0.0,0.3,00:00:00,0.0,1.9,0.4,312.0
2025-05-24 11:32:55.509,0.8,nan,0.0,0.3,00:00:00,0.0,2.0,0.4,312.0
2025-05-24 11:32:56.508,0.8,nan,0.0,0.3,00:00:00,0.0,2.0,0.4,311.0
2025-05-24 11:32:57.506,0.8,nan,-0.0,0.4,00:00:00,0.0,2.0,0.3,311.0
2025-05-24 11:32:58.507,0.7,nan,-0.0,0.4,00:00:00,0.0,2.1,0.3,311.0
2025-05-24 11:32:59.510,0.7,nan,0.0,0.5,00:00:00,0.0,2.1,0.2,311.0
2025-05-24 11:33:00.509,0.8,nan,0.0,0.6,00:00:00,0.0,2.0,0.2,310.0
2025-05-24 11:33:01.513,0.8,nan,0.0,0.9,00:00:00,0.0,2.0,0.1,310.0
2025-05-24 11:33:02.507,0.9,nan,0.0,1.0,00:00:00,0.0,2.0,0.1,310.0
2025-05-24 11:33:03.507,0.9,nan,0.0,1.1,00:00:00,0.0,2.1,0.1,310.0
2025-05-24 11:33:04.507,1.0,nan,0.1,1.3,00:00:00,0.0,2.1,0.1,309.0
2025-05-24 11:33:05.514,1.1,nan,0.1,1.5,00:00:00,0.0,2.1,0.0,309.0
2025-05-24 11:33:06.508,1.1,nan,0.1,1.6,00:00:00,0.0,2.1,0.1,309.0
2025-05-24 11:33:07.507,1.1,nan,0.1,1.6,00:00:00,0.0,2.0,0.1,309.0
2025-05-24 11:33:08.510,1.3,nan,0.1,1.4,00:00:00,0.0,2.0,0.3,308.0
2025-05-24 11:33:09.510,1.3,nan,0.1,1.2,00:00:00,0.0,1.9,0.4,308.0
2025-05-24 11:33:10.507,1.3,nan,0.1,0.9,00:00:00,0.0,1.9,0.7,308.0
2025-05-24 11:33:11.510,1.3,nan,0.1,0.5,00:00:00,0.0,1.7,1.0,308.0
2025-05-24 11:33:12.513,1.2,nan,0.1,0.5,00:00:00,0.0,1.7,1.2,307.0
2025-05-24 11:33:13.504,1.3,nan,0.1,0.7,00:00:00,0.0,1.6,1.3,307.0
2025-05-24 11:33:14.508,1.2,nan,0.0,1.1,00:00:00,0.0,1.5,1.4,307.0
2025-05-24 11:33:15.508,1.1,nan,0.0,1.3,00:00:00,0.0,1.5,1.4,307.0
2025-05-24 11:33:16.508,1.0,nan,0.0,1.3,00:00:00,0.0,-1.1,1.6,215.0
2025-05-24 11:33:17.509,1.0,nan,0.0,1.5,00:00:00,0.0,-1.7,0.5,176.0
2025-05-24 11:33:18.511,0.9,nan,0.0,1.6,00:00:00,0.0,-1.7,-0.1,147.0
2025-05-24 11:33:19.511,1.0,nan,0.0,1.7,00:00:00,0.0,-1.5,-0.3,136.0
2025-05-24 11:33:20.505,1.0,nan,0.0,1.4,00:00:00,0.0,0.2,-0.8,55.0
2025-05-24 11:33:21.509,1.0,nan,0.0,1.1,00:00:00,0.0,0.2,-0.6,50.0
2025-05-24 11:33:22.512,1.0,nan,-0.0,0.8,00:00:00,0.0,0.2,-0.5,50.0
2025-05-24 11:33:23.507,0.9,nan,-0.0,0.6,00:00:00,0.0,0.2,-0.4,50.0
2025-05-24 11:33:24.510,0.9,nan,-0.0,0.4,00:00:00,0.0,0.1,-0.3,50.0
2025-05-24 11:33:25.510,0.9,nan,-0.0,0.2,00:00:00,0.0,0.1,-0.2,50.0
2025-05-24 11:33:26.512,0.8,nan,-0.1,0.1,00:00:00,0.0,0.1,-0.1,50.0
2025-05-24 11:33:27.509,0.8,nan,-0.1,0.1,00:00:00,0.0,0.1,-0.1,50.0
2025-05-24 11:33:28.510,0.7,nan,-0.1,0.2,00:00:00,0.0,0.3,-0.1,50.0
2025-05-24 11:33:29.508,0.7,nan,-0.1,0.2,00:00:00,0.0,0.4,-0.1,50.0
2025-05-24 11:33:30.506,0.7,nan,-0.1,0.2,00:00:00,0.0,0.5,-0.2,50.0
2025-05-24 11:33:31.510,0.7,nan,-0.0,0.1,00:00:00,0.0,0.7,-0.2,50.0
2025-05-24 11:33:32.511,0.8,nan,-0.0,0.1,00:00:00,0.0,0.7,-0.3,50.0
2025-05-24 11:33:33.510,0.8,nan,-0.0,0.1,00:00:00,0.0,0.8,-0.4,50.0
2025-05-24 11:33:34.509,0.9,nan,0.0,0.1,00:00:00,0.0,0.8,-0.4,50.0
2025-05-24 11:33:35.510,1.0,nan,0.0,0.0,00:00:00,0.0,0.9,-0.4,51.0
2025-05-24 11:33:36.507,1.0,nan,0.0,0.0,00:00:00,0.0,0.9,-0.4,51.0
2025-05-24 11:33:37.508,0.9,nan,-0.0,0.1,00:00:00,0.0,0.9,-0.5,51.0
2025-05-24 11:33:38.506,0.9,nan,-0.0,0.1,00:00:00,0.0,0.9,-0.5,51.0
2025-05-24 11:33:39.508,0.9,nan,-0.0,0.0,00:00:00,0.0,0.9,-0.5,51.0
2025-05-24 11:33:40.506,0.9,nan,-0.0,0.1,00:00:00,0.0,1.0,-0.5,51.0
2025-05-24 11:33:41.506,0.9,nan,0.0,0.1,00:00:00,0.0,0.9,-0.5,51.0
2025-05-24 11:33:42.509,0.9,nan,-0.0,0.1,00:00:00,0.0,0.9,-0.5,51.0
2025-05-24 11:33:43.508,0.7,nan,-0.1,0.1,00:00:00,0.0,1.0,-0.5,51.0
2025-05-24 11:33:44.505,0.6,nan,-0.1,0.2,00:00:00,0.0,1.0,-0.6,51.0
2025-05-24 11:33:45.513,0.6,nan,-0.1,0.2,00:00:00,0.0,1.0,-0.6,51.0
2025-05-24 11:33:46.504,0.6,nan,-0.1,0.1,00:00:00,0.0,1.0,-0.7,51.0
2025-05-24 11:33:47.506,0.6,nan,-0.1,0.1,00:00:00,0.0,1.0,-0.7,51.0
2025-05-24 11:33:48.510,0.6,nan,-0.1,0.1,00:00:00,0.0,1.0,-0.7,51.0
2025-05-24 11:33:49.509,0.6,nan,-0.0,0.1,00:00:00,0.0,1.0,-0.7,51.0
2025-05-24 11:33:50.506,0.6,nan,-0.0,0.1,00:00:00,0.0,1.0,-0.7,51.0
2025-05-24 11:33:51.510,0.7,nan,-0.0,0.2,00:00:00,0.0,0.9,-0.7,51.0
2025-05-24 11:33:52.512,0.6,nan,-0.0,0.2,00:00:00,0.0,0.9,-0.8,51.0
2025-05-24 11:33:53.507,0.7,nan,-0.0,0.2,00:00:00,0.0,0.9,-0.8,51.0
2025-05-24 11:33:54.512,0.7,nan,0.0,0.1,00:00:00,0.0,0.8,-0.8,51.0
2025-05-24 11:33:55.505,0.8,nan,-0.0,0.1,00:00:00,0.0,0.8,-0.7,51.0
2025-05-24 11:33:56.504,0.8,nan,0.0,0.1,00:00:00,0.0,0.7,-0.7,51.0
2025-05-24 11:33:57.508,0.8,nan,-0.0,0.1,00:00:00,0.0,0.7,-0.7,51.0
2025-05-24 11:33:58.506,0.8,nan,0.0,0.0,00:00:00,0.0,0.7,-0.8,51.0
2025-05-24 11:33:59.514,0.9,nan,0.0,0.0,00:00:00,0.0,0.7,-0.8,51.0
2025-05-24 11:34:00.509,1.0,nan,0.0,0.0,00:00:00,0.0,0.7,-0.8,51.0
2025-05-24 11:34:01.512,0.9,nan,0.0,0.0,00:00:00,0.0,0.7,-0.7,51.0
2025-05-24 11:34:02.511,0.9,nan,0.0,0.0,00:00:00,0.0,0.7,-0.7,51.0
2025-05-24 11:34:03.504,0.9,nan,0.0,0.0,00:00:00,0.0,0.7,-0.7,51.0
2025-05-24 11:34:04.511,0.9,nan,-0.0,0.0,00:00:00,0.0,0.8,-0.7,51.0
2025-05-24 11:34:05.507,0.9,nan,0.0,0.0,00:00:00,0.0,0.8,-0.7,51.0
2025-05-24 11:34:06.511,0.9,nan,-0.0,0.0,00:00:00,0.0,0.8,-0.7,51.0
2025-05-24 11:34:07.510,0.8,nan,-0.0,0.0,00:00:00,0.0,0.8,-0.7,51.0
2025-05-24 11:34:08.512,0.9,nan,0.0,0.0,00:00:00,0.0,0.8,-0.7,52.0
2025-05-24 11:34:09.506,0.9,nan,0.0,0.1,00:00:00,0.0,0.8,-0.7,52.0
2025-05-24 11:34:10.511,0.9,nan,0.0,0.0,00:00:00,0.0,0.9,-0.8,52.0
2025-05-24 11:34:11.509,0.9,nan,-0.0,0.0,00:00:00,0.0,0.9,-0.8,52.0
2025-05-24 11:34:12.507,0.8,nan,-0.0,0.0,00:00:00,0.0,1.0,-0.8,52.0
2025-05-24 11:34:13.509,0.9,nan,-0.0,0.0,00:00:00,0.0,1.0,-0.7,52.0
2025-05-24 11:34:14.509,0.9,nan,-0.0,0.0,00:00:00,0.0,1.1,-0.8,52.0
2025-05-24 11:34:15.509,0.9,nan,0.0,0.0,00:00:00,0.0,1.1,-0.7,52.0
2025-05-24 11:34:16.505,0.9,nan,0.0,0.0,00:00:00,0.0,1.1,-0.7,52.0
2025-05-24 11:34:17.509,0.9,nan,0.0,0.0,00:00:00,0.0,1.1,-0.7,52.0
2025-05-24 11:34:18.510,0.9,nan,-0.0,0.1,00:00:00,0.0,1.0,-0.7,52.0
2025-05-24 11:34:19.506,0.8,nan,-0.0,0.1,00:00:00,0.0,1.0,-0.6,52.0
2025-05-24 11:34:20.508,0.8,nan,-0.0,0.1,00:00:00,0.0,1.0,-0.7,52.0
2025-05-24 11:34:21.507,0.7,nan,-0.0,0.1,00:00:00,0.0,1.0,-0.7,52.0
2025-05-24 11:34:22.508,0.7,nan,-0.0,0.1,00:00:00,0.0,1.0,-0.7,52.0
2025-05-24 11:34:23.506,0.7,nan,-0.0,0.1,00:00:00,0.0,1.1,-0.8,52.0
2025-05-24 11:34:24.507,0.7,nan,-0.0,0.0,00:00:00,0.0,1.1,-0.8,52.0
2025-05-24 11:34:25.505,0.7,nan,-0.0,0.0,00:00:00,0.0,1.1,-0.8,52.0
2025-05-24 11:34:26.510,0.7,nan,-0.0,0.1,00:00:00,0.0,1.0,-0.8,52.0
2025-05-24 11:34:27.512,0.7,nan,0.0,0.0,00:00:00,0.0,1.0,-0.9,52.0
2025-05-24 11:34:28.507,0.8,nan,0.0,0.0,00:00:00,0.0,1.0,-0.9,52.0
2025-05-24 11:34:29.508,0.9,nan,0.1,0.1,00:00:00,0.0,1.0,-0.8,52.0
2025-05-24 11:34:30.505,0.9,nan,0.0,0.1,00:00:00,0.0,0.9,-0.8,52.0
2025-05-24 11:34:31.510,0.9,nan,0.0,0.1,00:00:00,0.0,0.9,-0.7,52.0
2025-05-24 11:34:32.508,0.9,nan,0.0,0.1,00:00:00,0.0,0.9,-0.7,52.0
2025-05-24 11:34:33.508,0.9,nan,0.0,0.1,00:00:00,0.0,1.0,-0.8,52.0
2025-05-24 11:34:34.507,1.0,nan,0.1,0.1,00:00:00,0.0,1.0,-0.7,52.0
2025-05-24 11:34:35.505,0.9,nan,0.0,0.0,00:00:00,0.0,1.0,-0.7,52.0
2025-05-24 11:34:36.514,0.9,nan,0.0,0.1,00:00:00,0.0,1.0,-0.7,52.0
2025-05-24 11:34:37.505,0.9,nan,0.0,0.1,00:00:00,0.0,1.0,-0.7,52.0
2025-05-24 11:34:38.510,0.9,nan,0.0,0.1,00:00:00,0.0,0.9,-0.7,53.0
2025-05-24 11:34:39.511,1.0,nan,0.0,0.1,00:00:00,0.0,0.9,-0.7,53.0
2025-05-24 11:34:40.505,0.9,nan,0.0,0.0,00:00:00,0.0,0.9,-0.8,53.0
2025-05-24 11:34:41.511,0.9,nan,0.0,0.0,00:00:00,0.0,1.0,-0.8,53.0
2025-05-24 11:34:42.509,0.9,nan,0.0,0.0,00:00:00,0.0,1.0,-0.8,53.0
2025-05-24 11:34:43.505,0.9,nan,0.0,0.0,00:00:00,0.0,1.0,-0.7,53.0
2025-05-24 11:34:44.505,0.9,nan,0.0,0.0,00:00:00,0.0,1.0,-0.7,53.0
2025-05-24 11:34:45.509,1.0,nan,0.0,0.0,00:00:00,0.0,1.0,-0.8,53.0
2025-05-24 11:34:46.505,1.0,nan,0.1,0.0,00:00:00,0.0,1.1,-0.7,53.0
2025-05-24 11:34:47.508,1.1,nan,0.0,0.0,00:00:00,0.0,1.0,-0.7,53.0
2025-05-24 11:34:48.506,1.0,nan,0.0,0.1,00:00:00,0.0,1.0,-0.7,53.0
2025-05-24 11:34:49.505,1.0,nan,0.0,0.1,00:00:00,0.0,1.0,-0.7,53.0
2025-05-24 11:34:50.509,1.1,nan,0.0,0.0,00:00:00,0.0,1.0,-0.7,53.0
2025-05-24 11:34:51.508,1.1,nan,0.0,0.0,00:00:00,0.0,0.9,-0.7,53.0
2025-05-24 11:34:52.506,1.1,nan,0.0,0.0,00:00:00,0.0,0.9,-0.7,53.0
2025-05-24 11:34:53.509,1.1,nan,0.0,0.0,00:00:00,0.0,0.9,-0.7,53.0
2025-05-24 11:34:54.510,1.1,nan,0.0,0.0,00:00:00,0.0,0.9,-0.7,53.0
2025-05-24 11:34:55.513,1.0,nan,-0.0,0.0,00:00:00,0.0,0.9,-0.6,53.0
2025-05-24 11:34:56.511,0.9,nan,-0.0,0.0,00:00:00,0.0,0.9,-0.7,53.0
2025-05-24 11:34:57.511,0.8,nan,-0.0,0.0,00:00:00,0.0,1.0,-0.7,53.0
2025-05-24 11:34:58.510,0.8,nan,-0.0,0.0,00:00:00,0.0,1.0,-0.7,53.0
2025-05-24 11:34:59.507,0.9,nan,-0.0,0.1,00:00:00,0.0,1.1,-0.7,53.0
2025-05-24 11:35:00.511,0.9,nan,-0.0,0.1,00:00:00,0.0,1.1,-0.7,53.0
2025-05-24 11:35:01.506,0.9,nan,0.0,0.1,00:00:00,0.0,1.0,-0.7,53.0
2025-05-24 11:35:02.513,0.9,nan,0.0,0.1,00:00:00,0.0,1.0,-0.7,53.0
2025-05-24 11:35:03.508,0.9,nan,0.0,0.1,00:00:00,0.0,1.0,-0.7,53.0
2025-05-24 11:35:04.513,0.9,nan,0.0,0.1,00:00:00,0.0,1.0,-0.7,53.0
2025-05-24 11:35:05.511,0.9,nan,-0.0,0.1,00:00:00,0.0,0.9,-0.6,53.0
2025-05-24 11:35:06.505,0.9,nan,0.0,0.1,00:00:00,0.0,0.9,-0.6,53.0
2025-05-24 11:35:07.508,0.9,nan,0.0,0.1,00:00:00,0.0,0.9,-0.7,53.0
2025-05-24 11:35:08.512,0.9,nan,0.0,0.1,00:00:00,0.0,0.8,-0.7,53.0
2025-05-24 11:35:09.512,1.0,nan,0.0,0.1,00:00:00,0.0,0.8,-0.7,53.0
2025-05-24 11:35:10.506,0.9,nan,0.0,0.1,00:00:00,0.0,0.9,-0.6,53.0
2025-05-24 11:35:11.512,0.9,nan,-0.0,0.0,00:00:00,0.0,0.9,-0.7,53.0
2025-05-24 11:35:12.511,0.8,nan,-0.0,0.0,00:00:00,0.0,0.9,-0.7,53.0
2025-05-24 11:35:13.508,0.8,nan,-0.0,0.0,00:00:00,0.0,0.9,-0.7,53.0
2025-05-24 11:35:14.512,0.8,nan,-0.0,0.0,00:00:00,0.0,0.9,-0.7,53.0
2025-05-24 11:35:15.509,0.9,nan,0.0,0.0,00:00:00,0.0,0.9,-0.7,54.0
2025-05-24 11:35:16.509,0.9,nan,0.0,0.1,00:00:00,0.0,0.8,-0.7,54.0
2025-05-24 11:35:17.511,0.9,nan,0.0,0.1,00:00:00,0.0,0.9,-0.7,54.0
2025-05-24 11:35:18.515,0.9,nan,0.0,0.1,00:00:00,0.0,0.8,-0.6,54.0
2025-05-24 11:35:19.505,0.8,nan,-0.0,0.1,00:00:00,0.0,0.9,-0.7,54.0
2025-05-24 11:35:20.507,0.9,nan,0.0,0.0,00:00:00,0.0,0.9,-0.6,54.0
2025-05-24 11:35:21.513,1.0,nan,0.0,0.1,00:00:00,0.0,0.9,-0.7,54.0
2025-05-24 11:35:22.509,1.0,nan,0.0,0.0,00:00:00,0.0,0.9,-0.6,54.0
2025-05-24 11:35:23.506,1.0,nan,0.0,0.0,00:00:00,0.0,0.9,-0.6,54.0
2025-05-24 11:35:24.507,0.9,nan,0.0,0.1,00:00:00,0.0,0.9,-0.6,54.0
2025-05-24 11:35:25.512,0.9,nan,-0.0,0.1,00:00:00,0.0,0.8,-0.6,54.0
2025-05-24 11:35:26.507,0.8,nan,-0.0,0.1,00:00:00,0.0,0.8,-0.6,54.0
2025-05-24 11:35:27.511,0.9,nan,0.0,0.1,00:00:00,0.0,0.8,-0.6,54.0
2025-05-24 11:35:28.512,0.9,nan,0.0,0.1,00:00:00,0.0,0.8,-0.6,54.0
2025-05-24 11:35:29.506,1.0,nan,0.0,0.1,00:00:00,0.0,0.8,-0.7,54.0
2025-05-24 11:35:30.505,1.0,nan,0.0,0.1,00:00:00,0.0,0.8,-0.7,54.0
2025-05-24 11:35:31.505,1.0,nan,0.0,0.1,00:00:00,0.0,0.8,-0.6,54.0
2025-05-24 11:35:32.511,0.9,nan,-0.0,0.0,00:00:00,0.0,0.9,-0.6,54.0
2025-05-24 11:35:33.507,0.9,nan,0.0,0.0,00:00:00,0.0,0.9,-0.6,54.0
2025-05-24 11:35:34.512,1.0,nan,0.0,0.0,00:00:00,0.0,0.9,-0.6,54.0
2025-05-24 11:35:35.508,1.0,nan,0.0,0.1,00:00:00,0.0,0.9,-0.6,54.0
2025-05-24 11:35:36.509,1.1,nan,0.0,0.1,00:00:00,0.0,0.9,-0.6,54.0
2025-05-24 11:35:37.509,1.1,nan,0.0,0.1,00:00:00,0.0,0.9,-0.6,54.0
2025-05-24 11:35:38.509,1.1,nan,0.0,0.1,00:00:00,0.0,0.9,-0.5,54.0
2025-05-24 11:35:39.515,1.0,nan,-0.0,0.1,00:00:00,0.0,0.9,-0.5,54.0
2025-05-24 11:35:40.506,1.1,nan,0.0,0.0,00:00:00,0.0,0.9,-0.6,54.0
2025-05-24 11:35:41.511,1.1,nan,0.0,0.1,00:00:00,0.0,0.9,-0.6,54.0
2025-05-24 11:35:42.513,1.1,nan,0.0,0.1,00:00:00,0.0,0.9,-0.5,54.0
2025-05-24 11:35:43.509,1.1,nan,0.0,0.1,00:00:00,0.0,0.9,-0.5,54.0
2025-05-24 11:35:44.515,1.0,nan,-0.0,0.1,00:00:00,0.0,0.9,-0.6,54.0
2025-05-24 11:35:45.512,1.0,nan,0.0,0.1,00:00:00,0.0,1.0,-0.6,54.0
2025-05-24 11:35:46.506,1.1,nan,0.0,0.2,00:00:00,0.0,1.0,-0.6,54.0
2025-05-24 11:35:47.507,1.1,nan,0.0,0.2,00:00:00,0.0,1.0,-0.7,54.0
2025-05-24 11:35:48.506,1.2,nan,0.1,0.3,00:00:00,0.0,1.0,-0.7,54.0
2025-05-24 11:35:49.512,1.3,nan,0.1,0.3,00:00:00,0.0,1.1,-0.6,54.0
2025-05-24 11:35:50.507,1.3,nan,0.1,0.2,00:00:00,0.0,1.1,-0.5,54.0
2025-05-24 11:35:51.511,1.4,nan,0.1,0.2,00:00:00,0.0,1.1,-0.4,54.0
2025-05-24 11:35:52.510,1.4,nan,0.1,0.1,00:00:00,0.0,1.1,-0.4,54.0
2025-05-24 11:35:53.507,1.4,nan,0.1,0.1,00:00:00,0.0,1.1,-0.3,54.0
2025-05-24 11:35:54.507,1.3,nan,0.1,0.1,00:00:00,0.0,1.1,-0.3,54.0
2025-05-24 11:35:55.509,1.4,nan,0.1,0.1,00:00:00,0.0,1.1,-0.4,54.0
2025-05-24 11:35:56.507,1.4,nan,0.1,0.1,00:00:00,0.0,1.1,-0.4,54.0
2025-05-24 11:35:57.511,1.4,nan,0.1,0.1,00:00:00,0.0,1.0,-0.4,54.0
2025-05-24 11:35:58.513,1.3,nan,0.0,0.1,00:00:00,0.0,1.0,-0.4,54.0
2025-05-24 11:35:59.506,1.3,nan,0.0,0.1,00:00:00,0.0,0.9,-0.5,54.0
2025-05-24 11:36:00.507,1.2,nan,0.0,0.2,00:00:00,0.0,0.8,-0.4,54.0
2025-05-24 11:36:01.508,1.1,nan,0.0,0.2,00:00:00,0.0,0.8,-0.4,54.0
2025-05-24 11:36:02.511,1.2,nan,0.0,0.2,00:00:00,0.0,0.7,-0.5,54.0
2025-05-24 11:36:03.510,1.2,nan,0.0,0.3,00:00:00,0.0,0.8,-0.5,54.0
2025-05-24 11:36:04.510,1.1,nan,0.0,0.3,00:00:00,0.0,0.8,-0.5,54.0
2025-05-24 11:36:05.512,1.1,nan,0.0,0.4,00:00:00,0.0,0.9,-0.5,54.0
2025-05-24 11:36:06.510,1.1,nan,0.0,0.3,00:00:00,0.0,0.9,-0.6,54.0
2025-05-24 11:36:07.510,1.1,nan,0.0,0.2,00:00:00,0.0,0.8,-0.7,54.0
2025-05-24 11:36:08.511,1.2,nan,0.0,0.1,00:00:00,0.0,0.8,-0.9,54.0
2025-05-24 11:36:09.513,1.2,nan,0.0,0.0,00:00:00,0.0,0.8,-1.0,54.0
2025-05-24 11:36:10.529,1.2,nan,0.0,0.1,00:00:00,0.0,0.8,-1.0,54.0
2025-05-24 11:36:11.506,1.1,nan,0.0,0.1,00:00:00,0.0,0.9,-0.9,54.0
2025-05-24 11:36:12.511,1.1,nan,0.0,0.1,00:00:00,0.0,0.9,-0.9,54.0
2025-05-24 11:36:13.506,1.1,nan,-0.0,0.1,00:00:00,0.0,0.8,-0.8,55.0
2025-05-24 11:36:14.511,1.0,nan,-0.0,0.0,00:00:00,0.0,0.9,-0.7,55.0
2025-05-24 11:36:15.514,1.0,nan,-0.0,0.1,00:00:00,0.0,0.9,-0.7,54.0
2025-05-24 11:36:16.509,1.0,nan,-0.0,0.1,00:00:00,0.0,0.9,-0.7,55.0
2025-05-24 11:36:17.507,1.0,nan,0.0,0.1,00:00:00,0.0,0.9,-0.7,55.0
2025-05-24 11:36:18.511,1.1,nan,0.0,0.1,00:00:00,0.0,0.9,-0.7,54.0
2025-05-24 11:36:19.506,1.1,nan,0.0,0.1,00:00:00,0.0,0.9,-0.7,54.0
2025-05-24 11:36:20.721,1.1,nan,0.0,0.1,00:00:00,0.0,0.9,-0.7,54.0
2025-05-24 11:36:21.506,1.1,nan,0.0,0.1,00:00:00,0.0,0.9,-0.7,54.0
2025-05-24 11:36:22.510,1.1,nan,0.0,0.1,00:00:00,0.0,0.9,-0.7,54.0
2025-05-24 11:36:23.504,1.1,nan,0.0,0.1,00:00:00,0.0,0.9,-0.7,54.0
2025-05-24 11:36:24.506,1.1,nan,0.0,0.1,00:00:00,0.0,0.9,-0.7,54.0
2025-05-24 11:36:25.506,1.1,nan,0.0,0.1,00:00:00,0.0,0.9,-0.7,54.0
2025-05-24 11:36:26.507,1.1,nan,0.0,0.1,00:00:00,0.0,0.9,-0.7,54.0
2025-05-24 11:36:27.507,1.1,nan,0.0,0.1,00:00:00,0.0,0.9,-0.7,54.0
2025-05-24 11:36:28.512,1.1,nan,0.0,0.1,00:00:00,0.0,0.9,-0.7,54.0
2025-05-24 11:36:29.509,1.1,nan,0.0,0.1,00:00:00,0.0,0.9,-0.7,54.0
2025-05-24 11:36:30.505,1.1,nan,0.0,0.1,00:00:00,0.0,0.9,-0.7,54.0
2025-05-24 11:36:31.509,1.1,nan,0.0,0.1,00:00:00,0.0,0.9,-0.7,54.0
2025-05-24 11:36:32.506,1.1,nan,0.0,0.1,00:00:00,0.0,0.9,-0.7,54.0
2025-05-24 11:36:33.513,1.1,nan,0.0,0.1,00:00:00,0.0,0.9,-0.7,54.0
2025-05-24 11:36:34.508,1.1,nan,0.0,0.1,00:00:00,0.0,0.9,-0.7,54.0
2025-05-24 11:36:35.510,1.1,nan,0.0,0.1,00:00:00,0.0,0.9,-0.7,54.0
2025-05-24 11:36:36.505,1.1,nan,0.0,0.1,00:00:00,0.0,0.9,-0.7,54.0
2025-05-24 11:36:37.505,1.1,nan,0.0,0.1,00:00:00,0.0,0.9,-0.7,54.0
2025-05-24 11:36:38.506,1.1,nan,0.0,0.1,00:00:00,0.0,0.9,-0.7,54.0
2025-05-24 11:36:39.511,1.1,nan,0.0,0.1,00:00:00,0.0,0.9,-0.7,54.0
2025-05-24 11:36:40.512,1.1,nan,0.0,0.1,00:00:00,0.0,0.9,-0.7,54.0
2025-05-24 11:36:41.511,1.1,nan,0.0,0.1,00:00:00,0.0,0.9,-0.7,54.0
2025-05-24 11:36:42.511,1.1,nan,0.0,0.1,00:00:00,0.0,0.9,-0.7,54.0
2025-05-24 11:36:43.510,1.1,nan,0.0,0.1,00:00:00,0.0,0.9,-0.7,54.0
2025-05-24 11:36:44.506,1.1,nan,0.0,0.1,00:00:00,0.0,0.9,-0.7,54.0
2025-05-24 11:36:45.507,1.1,nan,0.0,0.1,00:00:00,0.0,0.9,-0.7,54.0
2025-05-24 11:36:46.505,1.1,nan,0.0,0.1,00:00:00,0.0,0.9,-0.7,54.0
2025-05-24 11:36:47.512,1.1,nan,0.0,0.1,00:00:00,0.0,0.9,-0.7,54.0
2025-05-24 11:36:48.505,1.1,nan,0.0,0.1,00:00:00,0.0,0.9,-0.7,54.0
2025-05-24 11:36:49.511,1.1,nan,0.0,0.1,00:00:00,0.0,0.9,-0.7,54.0
2025-05-24 11:36:50.510,1.1,nan,0.0,0.1,00:00:00,0.0,0.9,-0.7,54.0
2025-05-24 11:36:51.510,1.1,nan,0.0,0.1,00:00:00,0.0,0.9,-0.7,54.0
2025-05-24 11:36:52.511,1.1,nan,0.0,0.1,00:00:00,0.0,0.9,-0.7,54.0
2025-05-24 11:36:53.505,1.1,nan,0.0,0.1,00:00:00,0.0,0.9,-0.7,54.0
2025-05-24 11:36:54.509,1.1,nan,0.0,0.1,00:00:00,0.0,0.9,-0.7,54.0
2025-05-24 11:36:55.505,1.1,nan,0.0,0.1,00:00:00,0.0,0.9,-0.7,54.0
2025-05-24 11:36:56.514,1.1,nan,0.0,0.1,00:00:00,0.0,0.9,-0.7,54.0
2025-05-24 11:36:57.512,1.1,nan,0.0,0.1,00:00:00,0.0,0.9,-0.7,54.0
2025-05-24 11:36:58.507,1.1,nan,0.0,0.1,00:00:00,0.0,0.9,-0.7,54.0
2025-05-24 11:36:59.511,1.1,nan,0.0,0.1,00:00:00,0.0,0.9,-0.7,54.0
2025-05-24 11:37:00.509,1.1,nan,0.0,0.1,00:00:00,0.0,0.9,-0.7,54.0
2025-05-24 11:37:01.510,1.1,nan,0.0,0.1,00:00:00,0.0,0.9,-0.7,54.0
2025-05-24 11:37:02.511,1.1,nan,0.0,0.1,00:00:00,0.0,0.9,-0.7,54.0
2025-05-24 11:37:03.514,1.1,nan,0.0,0.1,00:00:00,0.0,0.9,-0.7,54.0
2025-05-24 11:37:04.506,1.1,nan,0.0,0.1,00:00:00,0.0,0.9,-0.7,54.0
2025-05-24 11:37:05.511,1.1,nan,0.0,0.1,00:00:00,0.0,0.9,-0.7,54.0
2025-05-24 11:37:06.512,1.1,nan,0.0,0.1,00:00:00,0.0,0.9,-0.7,54.0
2025-05-24 11:37:07.506,1.1,nan,0.0,0.1,00:00:00,0.0,0.9,-0.7,54.0
2025-05-24 11:37:08.510,1.1,nan,0.0,0.1,00:00:00,0.0,0.9,-0.7,54.0
2025-05-24 11:37:09.509,1.1,nan,0.0,0.1,00:00:00,0.0,0.9,-0.7,54.0
2025-05-24 11:37:10.508,1.1,nan,0.0,0.1,00:00:00,0.0,0.9,-0.7,54.0
2025-05-24 11:37:11.506,1.1,nan,0.0,0.1,00:00:00,0.0,0.9,-0.7,54.0
2025-05-24 11:37:12.507,1.1,nan,0.0,0.1,00:00:00,0.0,0.9,-0.7,54.0
2025-05-24 11:37:13.506,1.1,nan,0.0,0.1,00:00:00,0.0,0.9,-0.7,54.0
2025-05-24 11:37:14.508,1.1,nan,0.0,0.1,00:00:00,0.0,0.9,-0.7,54.0
2025-05-24 11:37:15.509,1.1,nan,0.0,0.1,00:00:00,0.0,0.9,-0.7,54.0
2025-05-24 11:37:16.507,1.1,nan,0.0,0.1,00:00:00,0.0,0.9,-0.7,54.0
2025-05-24 11:37:17.507,1.1,nan,0.0,0.1,00:00:00,0.0,0.9,-0.7,54.0
2025-05-24 11:37:18.509,1.1,nan,0.0,0.1,00:00:00,0.0,0.9,-0.7,54.0
2025-05-24 11:37:19.507,1.1,nan,0.0,0.1,00:00:00,0.0,0.9,-0.7,54.0
2025-05-24 11:37:20.506,1.1,nan,0.0,0.1,00:00:00,0.0,0.9,-0.7,54.0
2025-05-24 11:37:21.508,1.1,nan,0.0,0.1,00:00:00,0.0,0.9,-0.7,54.0
2025-05-24 11:37:22.506,1.1,nan,0.0,0.1,00:00:00,0.0,0.9,-0.7,54.0
2025-05-24 11:37:23.504,1.1,nan,0.0,0.1,00:00:00,0.0,0.9,-0.7,54.0
2025-05-24 11:37:24.512,1.1,nan,0.0,0.1,00:00:00,0.0,0.9,-0.7,54.0
2025-05-24 11:37:25.511,1.1,nan,0.0,0.1,00:00:00,0.0,0.9,-0.7,54.0
2025-05-24 11:37:26.506,1.1,nan,0.0,0.1,00:00:00,0.0,0.9,-0.7,54.0
2025-05-24 11:37:27.512,1.1,nan,0.0,0.1,00:00:00,0.0,0.9,-0.7,54.0
2025-05-24 11:37:28.510,1.1,nan,0.0,0.1,00:00:00,0.0,0.9,-0.7,54.0
2025-05-24 11:37:29.511,1.1,nan,0.0,0.1,00:00:00,0.0,0.9,-0.7,54.0
2025-05-24 11:37:30.506,1.1,nan,0.0,0.1,00:00:00,0.0,0.9,-0.7,54.0
2025-05-24 11:37:31.509,1.1,nan,0.0,0.1,00:00:00,0.0,0.9,-0.7,54.0
2025-05-24 11:37:32.505,1.1,nan,0.0,0.1,00:00:00,0.0,0.9,-0.7,54.0
2025-05-24 11:37:33.508,1.1,nan,0.0,0.1,00:00:00,0.0,0.9,-0.7,54.0
2025-05-24 11:37:34.511,1.1,nan,0.0,0.1,00:00:00,0.0,0.9,-0.7,54.0
2025-05-24 11:37:35.509,1.1,nan,0.0,0.1,00:00:00,0.0,0.9,-0.7,54.0
2025-05-24 11:37:36.509,1.1,nan,0.0,0.1,00:00:00,0.0,0.9,-0.7,54.0
2025-05-24 11:37:37.509,1.1,nan,0.0,0.1,00:00:00,0.0,0.9,-0.7,54.0
2025-05-24 11:37:38.505,1.1,nan,0.0,0.1,00:00:00,0.0,0.9,-0.7,54.0
2025-05-24 11:37:39.507,1.1,nan,0.0,0.1,00:00:00,0.0,0.9,-0.7,54.0
2025-05-24 11:37:40.505,1.1,nan,0.0,0.1,00:00:00,0.0,0.9,-0.7,54.0
2025-05-24 11:37:41.506,1.1,nan,0.0,0.1,00:00:00,0.0,0.9,-0.7,54.0
2025-05-24 11:37:42.509,1.1,nan,0.0,0.1,00:00:00,0.0,0.9,-0.7,54.0
2025-05-24 11:37:43.508,1.1,nan,0.0,0.1,00:00:00,0.0,0.9,-0.7,54.0
2025-05-24 11:37:44.508,1.1,nan,0.0,0.1,00:00:00,0.0,0.9,-0.7,54.0
2025-05-24 11:37:45.515,1.1,nan,0.0,0.1,00:00:00,0.0,0.9,-0.7,54.0
2025-05-24 11:37:46.510,1.1,nan,0.0,0.1,00:00:00,0.0,0.9,-0.7,54.0
2025-05-24 11:37:47.510,1.1,nan,0.0,0.1,00:00:00,0.0,0.9,-0.7,54.0
2025-05-24 11:37:48.506,1.1,nan,0.0,0.1,00:00:00,0.0,0.9,-0.7,54.0
2025-05-24 11:37:49.509,1.1,nan,0.0,0.1,00:00:00,0.0,0.9,-0.7,54.0
2025-05-24 11:37:50.512,1.1,nan,0.0,0.1,00:00:00,0.0,0.9,-0.7,54.0
2025-05-24 11:37:51.506,1.1,nan,0.0,0.1,00:00:00,0.0,0.9,-0.7,54.0
2025-05-24 11:37:52.514,1.1,nan,0.0,0.1,00:00:00,0.0,0.9,-0.7,54.0
2025-05-24 11:37:53.510,1.1,nan,0.0,0.1,00:00:00,0.0,0.9,-0.7,54.0
2025-05-24 11:37:54.511,1.1,nan,0.0,0.1,00:00:00,0.0,0.9,-0.7,54.0
2025-05-24 11:37:55.509,1.1,nan,0.0,0.1,00:00:00,0.0,0.9,-0.7,54.0
2025-05-24 11:37:56.504,1.1,nan,0.0,0.1,00:00:00,0.0,0.9,-0.7,54.0
2025-05-24 11:37:57.510,1.1,nan,0.0,0.1,00:00:00,0.0,0.9,-0.7,54.0
2025-05-24 11:37:58.510,1.1,nan,0.0,0.1,00:00:00,0.0,0.9,-0.7,54.0
2025-05-24 11:37:59.507,1.1,nan,0.0,0.1,00:00:00,0.0,0.9,-0.7,54.0
2025-05-24 11:38:00.507,1.1,nan,0.0,0.1,00:00:00,0.0,0.9,-0.7,54.0
2025-05-24 11:38:01.511,1.1,nan,0.0,0.1,00:00:00,0.0,0.9,-0.7,54.0
2025-05-24 11:38:02.507,1.1,nan,0.0,0.1,00:00:00,0.0,0.9,-0.7,54.0
2025-05-24 11:38:03.505,1.1,nan,0.0,0.1,00:00:00,0.0,0.9,-0.7,54.0
2025-05-24 11:38:04.513,1.1,nan,0.0,0.1,00:00:00,0.0,0.9,-0.7,54.0
2025-05-24 11:38:05.511,1.1,nan,0.0,0.1,00:00:00,0.0,0.9,-0.7,54.0
2025-05-24 11:38:06.507,1.1,nan,0.0,0.1,00:00:00,0.0,0.9,-0.7,54.0
2025-05-24 11:38:07.511,1.1,nan,0.0,0.1,00:00:00,0.0,0.9,-0.7,54.0
2025-05-24 11:38:08.509,1.1,nan,0.0,0.1,00:00:00,0.0,0.9,-0.7,54.0
2025-05-24 11:38:09.507,1.1,nan,0.0,0.1,00:00:00,0.0,0.9,-0.7,54.0
2025-05-24 11:38:10.506,1.1,nan,0.0,0.1,00:00:00,0.0,0.9,-0.7,54.0
2025-05-24 11:38:11.511,1.1,nan,0.0,0.1,00:00:00,0.0,0.9,-0.7,54.0
2025-05-24 11:38:12.510,1.1,nan,0.0,0.1,00:00:00,0.0,0.9,-0.7,54.0
2025-05-24 11:38:13.510,1.1,nan,0.0,0.1,00:00:00,0.0,0.9,-0.7,54.0
2025-05-24 11:38:14.506,1.1,nan,0.0,0.1,00:00:00,0.0,0.9,-0.7,54.0
2025-05-24 11:38:15.505,1.1,nan,0.0,0.1,00:00:00,0.0,0.9,-0.7,54.0
2025-05-24 11:38:16.507,1.1,nan,0.0,0.1,00:00:00,0.0,0.9,-0.7,54.0
2025-05-24 11:38:17.506,1.1,nan,0.0,0.1,00:00:00,0.0,0.9,-0.7,54.0
2025-05-24 11:38:18.505,1.1,nan,0.0,0.1,00:00:00,0.0,0.9,-0.7,54.0
2025-05-24 11:38:19.507,1.1,nan,0.0,0.1,00:00:00,0.0,0.9,-0.7,54.0
2025-05-24 11:38:20.508,1.1,nan,0.0,0.1,00:00:00,0.0,0.9,-0.7,54.0
2025-05-24 11:38:21.507,1.1,nan,0.0,0.1,00:00:00,0.0,0.9,-0.7,54.0
2025-05-24 11:38:22.523,1.1,nan,0.0,0.1,00:00:00,0.0,0.9,-0.7,54.0
2025-05-24 11:38:23.508,1.1,nan,0.0,0.1,00:00:00,0.0,0.9,-0.7,54.0
2025-05-24 11:38:24.508,1.1,nan,0.0,0.1,00:00:00,0.0,0.9,-0.7,54.0
2025-05-24 11:38:25.508,1.1,nan,0.0,0.1,00:00:00,0.0,0.9,-0.7,54.0
2025-05-24 11:38:26.510,1.1,nan,0.0,0.1,00:00:00,0.0,0.9,-0.7,54.0
2025-05-24 11:38:27.511,1.1,nan,0.0,0.1,00:00:00,0.0,0.9,-0.7,54.0
2025-05-24 11:38:28.511,1.1,nan,0.0,0.1,00:00:00,0.0,0.9,-0.7,54.0
2025-05-24 11:38:29.509,1.1,nan,0.0,0.1,00:00:00,0.0,0.9,-0.7,54.0
2025-05-24 11:38:30.512,1.1,nan,0.0,0.1,00:00:00,0.0,0.9,-0.7,54.0
2025-05-24 11:38:31.510,1.1,nan,0.0,0.1,00:00:00,0.0,0.9,-0.7,54.0
2025-05-24 11:38:32.510,1.1,nan,0.0,0.1,00:00:00,0.0,0.9,-0.7,54.0
2025-05-24 11:38:33.505,1.1,nan,0.0,0.1,00:00:00,0.0,0.9,-0.7,54.0
2025-05-24 11:38:34.509,1.1,nan,0.0,0.1,00:00:00,0.0,0.9,-0.7,54.0
2025-05-24 11:38:35.510,1.1,nan,0.0,0.1,00:00:00,0.0,0.9,-0.7,54.0
2025-05-24 11:38:36.506,1.1,nan,0.0,0.1,00:00:00,0.0,0.9,-0.7,54.0
2025-05-24 11:38:37.513,1.1,nan,0.0,0.1,00:00:00,0.0,0.9,-0.7,54.0
2025-05-24 11:38:38.510,1.1,nan,0.0,0.1,00:00:00,0.0,0.9,-0.7,54.0
2025-05-24 11:38:39.509,1.1,nan,0.0,0.1,00:00:00,0.0,0.9,-0.7,54.0
2025-05-24 11:38:40.507,1.1,nan,0.0,0.1,00:00:00,0.0,0.9,-0.7,54.0
2025-05-24 11:38:41.513,1.1,nan,0.0,0.1,00:00:00,0.0,0.9,-0.7,54.0
2025-05-24 11:38:42.506,1.1,nan,0.0,0.1,00:00:00,0.0,0.9,-0.7,54.0
2025-05-24 11:38:43.505,1.1,nan,0.0,0.1,00:00:00,0.0,0.9,-0.7,54.0
2025-05-24 11:38:44.513,1.1,nan,0.0,0.1,00:00:00,0.0,0.9,-0.7,54.0
2025-05-24 11:38:45.507,1.1,nan,0.0,0.1,00:00:00,0.0,0.9,-0.7,54.0
2025-05-24 11:38:46.505,1.1,nan,0.0,0.1,00:00:00,0.0,0.9,-0.7,54.0
2025-05-24 11:38:47.510,1.1,nan,0.0,0.1,00:00:00,0.0,0.9,-0.7,54.0
2025-05-24 11:38:48.506,1.1,nan,0.0,0.1,00:00:00,0.0,0.9,-0.7,54.0
2025-05-24 11:38:49.504,1.1,nan,0.0,0.1,00:00:00,0.0,0.9,-0.7,54.0
2025-05-24 11:38:50.510,1.1,nan,0.0,0.1,00:00:00,0.0,0.9,-0.7,54.0
2025-05-24 11:38:51.511,1.1,nan,0.0,0.1,00:00:00,0.0,0.9,-0.7,54.0
2025-05-24 11:38:52.507,1.1,nan,0.0,0.1,00:00:00,0.0,0.9,-0.7,54.0
2025-05-24 11:38:53.511,1.1,nan,0.0,0.1,00:00:00,0.0,0.9,-0.7,54.0
2025-05-24 11:38:54.505,1.1,nan,0.0,0.1,00:00:00,0.0,0.9,-0.7,54.0
2025-05-24 11:38:55.513,1.1,nan,0.0,0.1,00:00:00,0.0,0.9,-0.7,54.0
2025-05-24 11:38:56.504,1.1,nan,0.0,0.1,00:00:00,0.0,0.9,-0.7,54.0
2025-05-24 11:38:57.511,1.1,nan,0.0,0.1,00:00:00,0.0,0.9,-0.7,54.0
2025-05-24 11:38:58.513,1.1,nan,0.0,0.1,00:00:00,0.0,0.9,-0.7,54.0
2025-05-24 11:38:59.504,1.1,nan,0.0,0.1,00:00:00,0.0,0.9,-0.7,54.0
2025-05-24 11:39:00.509,1.1,nan,0.0,0.1,00:00:00,0.0,0.9,-0.7,54.0
2025-05-24 11:39:01.510,1.1,nan,0.0,0.1,00:00:00,0.0,0.9,-0.7,54.0
2025-05-24 11:39:02.516,1.1,nan,0.0,0.1,00:00:00,0.0,0.9,-0.7,54.0
2025-05-24 11:39:03.507,1.1,nan,0.0,0.1,00:00:00,0.0,0.9,-0.7,54.0
2025-05-24 11:39:04.506,1.1,nan,0.0,0.1,00:00:00,0.0,0.9,-0.7,54.0
2025-05-24 11:39:05.508,1.1,nan,0.0,0.1,00:00:00,0.0,0.9,-0.7,54.0
2025-05-24 11:39:06.506,1.1,nan,0.0,0.1,00:00:00,0.0,0.9,-0.7,54.0
2025-05-24 11:39:07.508,1.1,nan,0.0,0.1,00:00:00,0.0,0.9,-0.7,54.0
2025-05-24 11:39:08.507,1.1,nan,0.0,0.1,00:00:00,0.0,0.9,-0.7,54.0
2025-05-24 11:39:09.515,1.1,nan,0.0,0.1,00:00:00,0.0,0.9,-0.7,54.0
2025-05-24 11:39:10.509,1.1,nan,0.0,0.1,00:00:00,0.0,0.9,-0.7,54.0
2025-05-24 11:39:11.512,1.1,nan,0.0,0.1,00:00:00,0.0,0.9,-0.7,54.0
2025-05-24 11:39:12.511,1.1,nan,0.0,0.1,00:00:00,0.0,0.9,-0.7,54.0
2025-05-24 11:39:13.505,1.1,nan,0.0,0.1,00:00:00,0.0,0.9,-0.7,54.0
2025-05-24 11:39:14.509,1.1,nan,0.0,0.1,00:00:00,0.0,0.9,-0.7,54.0
2025-05-24 11:39:15.506,1.1,nan,0.0,0.1,00:00:00,0.0,0.9,-0.7,54.0
2025-05-24 11:39:16.506,1.1,nan,0.0,0.1,00:00:00,0.0,0.9,-0.7,54.0
2025-05-24 11:39:17.510,1.1,nan,0.0,0.1,00:00:00,0.0,0.9,-0.7,54.0
2025-05-24 11:39:18.505,1.1,nan,0.0,0.1,00:00:00,0.0,0.9,-0.7,54.0
2025-05-24 11:39:19.510,1.1,nan,0.0,0.1,00:00:00,0.0,0.9,-0.7,54.0
2025-05-24 11:39:20.506,1.1,nan,0.0,0.1,00:00:00,0.0,0.9,-0.7,54.0
2025-05-24 11:39:21.514,1.1,nan,0.0,0.1,00:00:00,0.0,0.9,-0.7,54.0
2025-05-24 11:39:22.505,1.1,nan,0.0,0.1,00:00:00,0.0,0.9,-0.7,54.0
2025-05-24 11:39:23.509,1.1,nan,0.0,0.1,00:00:00,0.0,0.9,-0.7,54.0
2025-05-24 11:39:24.511,1.1,nan,0.0,0.1,00:00:00,0.0,0.9,-0.7,54.0
2025-05-24 11:39:25.507,1.1,nan,0.0,0.1,00:00:00,0.0,0.9,-0.7,54.0
2025-05-24 11:39:26.512,1.1,nan,0.0,0.1,00:00:00,0.0,0.9,-0.7,54.0
2025-05-24 11:39:27.510,1.1,nan,0.0,0.1,00:00:00,0.0,0.9,-0.7,54.0
2025-05-24 11:39:28.511,1.1,nan,0.0,0.1,00:00:00,0.0,0.9,-0.7,54.0
2025-05-24 11:39:29.509,1.1,nan,0.0,0.1,00:00:00,0.0,0.9,-0.7,54.0
2025-05-24 11:39:30.512,1.1,nan,0.0,0.1,00:00:00,0.0,0.9,-0.7,54.0
2025-05-24 11:39:31.510,1.1,nan,0.0,0.1,00:00:00,0.0,0.9,-0.7,54.0
2025-05-24 11:39:32.506,1.1,nan,0.0,0.1,00:00:00,0.0,0.9,-0.7,54.0
2025-05-24 11:39:33.509,1.1,nan,0.0,0.1,00:00:00,0.0,0.9,-0.7,54.0
2025-05-24 11:39:34.510,1.1,nan,0.0,0.1,00:00:00,0.0,0.9,-0.7,54.0
2025-05-24 11:39:35.505,1.1,nan,0.0,0.1,00:00:00,0.0,0.9,-0.7,54.0
2025-05-24 11:39:36.510,1.1,nan,0.0,0.1,00:00:00,0.0,0.9,-0.7,54.0
2025-05-24 11:39:37.510,1.1,nan,0.0,0.1,00:00:00,0.0,0.9,-0.7,54.0
2025-05-24 11:39:38.511,1.1,nan,0.0,0.1,00:00:00,0.0,0.9,-0.7,54.0
2025-05-24 11:39:39.509,1.1,nan,0.0,0.1,00:00:00,0.0,0.9,-0.7,54.0
2025-05-24 11:39:40.512,1.1,nan,0.0,0.1,00:00:00,0.0,0.9,-0.7,54.0
2025-05-24 11:39:41.512,1.1,nan,0.0,0.1,00:00:00,0.0,0.9,-0.7,54.0
2025-05-24 11:39:42.505,1.1,nan,0.0,0.1,00:00:00,0.0,0.9,-0.7,54.0
2025-05-24 11:39:43.507,1.1,nan,0.0,0.1,00:00:00,0.0,0.9,-0.7,54.0
2025-05-24 11:39:44.512,1.1,nan,0.0,0.1,00:00:00,0.0,0.9,-0.7,54.0
2025-05-24 11:39:45.511,1.1,nan,0.0,0.1,00:00:00,0.0,0.9,-0.7,54.0
2025-05-24 11:39:46.509,1.1,nan,0.0,0.1,00:00:00,0.0,0.9,-0.7,54.0
2025-05-24 11:39:47.505,1.1,nan,0.0,0.1,00:00:00,0.0,0.9,-0.7,54.0
2025-05-24 11:39:48.511,1.1,nan,0.0,0.1,00:00:00,0.0,0.9,-0.7,54.0
2025-05-24 11:39:49.508,1.1,nan,0.0,0.1,00:00:00,0.0,0.9,-0.7,54.0
2025-05-24 11:39:50.506,1.1,nan,0.0,0.1,00:00:00,0.0,0.9,-0.7,54.0
2025-05-24 11:39:51.512,1.1,nan,0.0,0.1,00:00:00,0.0,0.9,-0.7,54.0
2025-05-24 11:39:52.505,1.1,nan,0.0,0.1,00:00:00,0.0,0.9,-0.7,54.0
2025-05-24 11:39:53.511,1.1,nan,0.0,0.1,00:00:00,0.0,0.9,-0.7,54.0
2025-05-24 11:39:54.513,1.1,nan,0.0,0.1,00:00:00,0.0,0.9,-0.7,54.0
2025-05-24 11:39:55.511,1.1,nan,0.0,0.1,00:00:00,0.0,0.9,-0.7,54.0
2025-05-24 11:39:56.506,1.1,nan,0.0,0.1,00:00:00,0.0,0.9,-0.7,54.0
2025-05-24 11:39:57.506,1.1,nan,0.0,0.1,00:00:00,0.0,0.9,-0.7,54.0
2025-05-24 11:39:58.511,1.1,nan,0.0,0.1,00:00:00,0.0,0.9,-0.7,54.0
2025-05-24 11:39:59.507,1.1,nan,0.0,0.1,00:00:00,0.0,0.9,-0.7,54.0
2025-05-24 11:40:00.505,1.1,nan,0.0,0.1,00:00:00,0.0,0.9,-0.7,54.0
2025-05-24 11:40:01.507,1.1,nan,0.0,0.1,00:00:00,0.0,0.9,-0.7,54.0
2025-05-24 11:40:02.511,1.1,nan,0.0,0.1,00:00:00,0.0,0.9,-0.7,54.0
2025-05-24 11:40:03.514,1.1,nan,0.0,0.1,00:00:00,0.0,0.9,-0.7,54.0
2025-05-24 11:40:04.512,1.1,nan,0.0,0.1,00:00:00,0.0,0.9,-0.7,54.0
2025-05-24 11:40:05.510,1.1,nan,0.0,0.1,00:00:00,0.0,0.9,-0.7,54.0
2025-05-24 11:40:06.507,1.1,nan,0.0,0.1,00:00:00,0.0,0.9,-0.7,54.0
2025-05-24 11:40:07.513,1.1,nan,0.0,0.1,00:00:00,0.0,0.9,-0.7,54.0
2025-05-24 11:40:08.508,1.1,nan,0.0,0.1,00:00:00,0.0,0.9,-0.7,54.0
2025-05-24 11:40:09.504,1.1,nan,0.0,0.1,00:00:00,0.0,0.9,-0.7,54.0
2025-05-24 11:40:10.511,1.1,nan,0.0,0.1,00:00:00,0.0,0.9,-0.7,54.0
2025-05-24 11:40:11.510,1.1,nan,0.0,0.1,00:00:00,0.0,0.9,-0.7,54.0
2025-05-24 11:40:12.506,1.1,nan,0.0,0.1,00:00:00,0.0,0.9,-0.7,54.0
2025-05-24 11:40:13.505,1.1,nan,0.0,0.1,00:00:00,0.0,0.9,-0.7,54.0
2025-05-24 11:40:14.508,1.1,nan,0.0,0.1,00:00:00,0.0,0.9,-0.7,54.0
2025-05-24 11:40:15.512,1.1,nan,0.0,0.1,00:00:00,0.0,0.9,-0.7,54.0
2025-05-24 11:40:16.509,1.1,nan,0.0,0.1,00:00:00,0.0,0.9,-0.7,54.0
2025-05-24 11:40:17.511,1.1,nan,0.0,0.1,00:00:00,0.0,0.9,-0.7,54.0
2025-05-24 11:40:18.510,1.1,nan,0.0,0.1,00:00:00,0.0,0.9,-0.7,54.0
2025-05-24 11:40:19.507,1.1,nan,0.0,0.1,00:00:00,0.0,0.9,-0.7,54.0
2025-05-24 11:40:20.508,1.1,nan,0.0,0.1,00:00:00,0.0,0.9,-0.7,54.0
2025-05-24 11:40:21.506,1.1,nan,0.0,0.1,00:00:00,0.0,0.9,-0.7,54.0
2025-05-24 11:40:22.507,1.1,nan,0.0,0.1,00:00:00,0.0,0.9,-0.7,54.0
2025-05-24 11:40:23.506,1.1,nan,0.0,0.1,00:00:00,0.0,0.9,-0.7,54.0
2025-05-24 11:40:24.514,1.1,nan,0.0,0.1,00:00:00,0.0,0.9,-0.7,54.0
2025-05-24 11:40:25.507,1.1,nan,0.0,0.1,00:00:00,0.0,0.9,-0.7,54.0
2025-05-24 11:40:26.505,1.1,nan,0.0,0.1,00:00:00,0.0,0.9,-0.7,54.0
2025-05-24 11:40:27.508,1.1,nan,0.0,0.1,00:00:00,0.0,0.9,-0.7,54.0
2025-05-24 11:40:28.509,1.1,nan,0.0,0.1,00:00:00,0.0,0.9,-0.7,54.0
2025-05-24 11:40:29.511,1.1,nan,0.0,0.1,00:00:00,0.0,0.9,-0.7,54.0
2025-05-24 11:40:30.508,1.1,nan,0.0,0.1,00:00:00,0.0,0.9,-0.7,54.0
2025-05-24 11:40:31.508,1.1,nan,0.0,0.1,00:00:00,0.0,0.9,-0.7,54.0
2025-05-24 11:40:32.507,1.1,nan,0.0,0.1,00:00:00,0.0,0.9,-0.7,54.0
2025-05-24 11:40:33.510,1.1,nan,0.0,0.1,00:00:00,0.0,0.9,-0.7,54.0
2025-05-24 11:40:34.510,1.1,nan,0.0,0.1,00:00:00,0.0,0.9,-0.7,54.0
2025-05-24 11:40:35.506,1.1,nan,0.0,0.1,00:00:00,0.0,0.9,-0.7,54.0
2025-05-24 11:40:36.510,1.1,nan,0.0,0.1,00:00:00,0.0,0.9,-0.7,54.0
2025-05-24 11:40:37.508,1.1,nan,0.0,0.1,00:00:00,0.0,0.9,-0.7,54.0
2025-05-24 11:40:38.506,1.1,nan,0.0,0.1,00:00:00,0.0,0.9,-0.7,54.0
2025-05-24 11:40:39.509,1.1,nan,0.0,0.1,00:00:00,0.0,0.9,-0.7,54.0
2025-05-24 11:40:40.508,1.1,nan,0.0,0.1,00:00:00,0.0,0.9,-0.7,54.0
2025-05-24 11:40:41.509,1.1,nan,0.0,0.1,00:00:00,0.0,0.9,-0.7,54.0
2025-05-24 11:40:42.509,1.1,nan,0.0,0.1,00:00:00,0.0,0.9,-0.7,54.0
2025-05-24 11:40:43.508,1.1,nan,0.0,0.1,00:00:00,0.0,0.9,-0.7,54.0
2025-05-24 11:40:44.509,1.1,nan,0.0,0.1,00:00:00,0.0,0.9,-0.7,54.0
2025-05-24 11:40:45.507,1.1,nan,0.0,0.1,00:00:00,0.0,0.9,-0.7,54.0
2025-05-24 11:40:46.508,1.1,nan,0.0,0.1,00:00:00,0.0,0.9,-0.7,54.0
2025-05-24 11:40:47.508,1.1,nan,0.0,0.1,00:00:00,0.0,0.9,-0.7,54.0
2025-05-24 11:40:48.506,1.1,nan,0.0,0.1,00:00:00,0.0,0.9,-0.7,54.0
2025-05-24 11:40:49.506,1.1,nan,0.0,0.1,00:00:00,0.0,0.9,-0.7,54.0
2025-05-24 11:40:50.506,1.1,nan,0.0,0.1,00:00:00,0.0,0.9,-0.7,54.0
2025-05-24 11:40:51.506,1.1,nan,0.0,0.1,00:00:00,0.0,0.9,-0.7,54.0
2025-05-24 11:40:52.505,1.1,nan,0.0,0.1,00:00:00,0.0,0.9,-0.7,54.0
2025-05-24 11:40:53.507,1.1,nan,0.0,0.1,00:00:00,0.0,0.9,-0.7,54.0
2025-05-24 11:40:54.514,1.1,nan,0.0,0.1,00:00:00,0.0,0.9,-0.7,54.0
2025-05-24 11:40:55.505,1.1,nan,0.0,0.1,00:00:00,0.0,0.9,-0.7,54.0
2025-05-24 11:40:56.509,1.1,nan,0.0,0.1,00:00:00,0.0,0.9,-0.7,54.0
2025-05-24 11:40:57.508,1.1,nan,0.0,0.1,00:00:00,0.0,0.9,-0.7,54.0
2025-05-24 11:40:58.510,1.1,nan,0.0,0.1,00:00:00,0.0,0.9,-0.7,54.0
2025-05-24 11:40:59.506,1.1,nan,0.0,0.1,00:00:00,0.0,0.9,-0.7,54.0
2025-05-24 11:41:00.505,1.1,nan,0.0,0.1,00:00:00,0.0,0.9,-0.7,54.0
2025-05-24 11:41:01.512,1.1,nan,0.0,0.1,00:00:00,0.0,0.9,-0.7,54.0
2025-05-24 11:41:02.506,1.1,nan,0.0,0.1,00:00:00,0.0,0.9,-0.7,54.0
2025-05-24 11:41:03.508,1.1,nan,0.0,0.1,00:00:00,0.0,0.9,-0.7,54.0
2025-05-24 11:41:04.506,1.1,nan,0.0,0.1,00:00:00,0.0,0.9,-0.7,54.0
2025-05-24 11:41:05.508,1.1,nan,0.0,0.1,00:00:00,0.0,0.9,-0.7,54.0
2025-05-24 11:41:06.506,1.1,nan,0.0,0.1,00:00:00,0.0,0.9,-0.7,54.0
2025-05-24 11:41:07.505,1.1,nan,0.0,0.1,00:00:00,0.0,0.9,-0.7,54.0
2025-05-24 11:41:08.513,1.1,nan,0.0,0.1,00:00:00,0.0,0.9,-0.7,54.0
2025-05-24 11:41:09.511,1.1,nan,0.0,0.1,00:00:00,0.0,0.9,-0.7,54.0
2025-05-24 11:41:10.509,1.1,nan,0.0,0.1,00:00:00,0.0,0.9,-0.7,54.0
2025-05-24 11:41:11.513,1.1,nan,0.0,0.1,00:00:00,0.0,0.9,-0.7,54.0
2025-05-24 11:41:12.510,1.1,nan,0.0,0.1,00:00:00,0.0,0.9,-0.7,54.0
2025-05-24 11:41:13.506,1.1,nan,0.0,0.1,00:00:00,0.0,0.9,-0.7,54.0
2025-05-24 11:41:14.511,1.1,nan,0.0,0.1,00:00:00,0.0,0.9,-0.7,54.0
2025-05-24 11:41:15.511,1.1,nan,0.0,0.1,00:00:00,0.0,0.9,-0.7,54.0
2025-05-24 11:41:16.505,1.1,nan,0.0,0.1,00:00:00,0.0,0.9,-0.7,54.0
2025-05-24 11:41:17.506,1.1,nan,0.0,0.1,00:00:00,0.0,0.9,-0.7,54.0
2025-05-24 11:41:18.508,1.1,nan,0.0,0.1,00:00:00,0.0,0.9,-0.7,54.0
2025-05-24 11:41:19.511,1.1,nan,0.0,0.1,00:00:00,0.0,0.9,-0.7,54.0
2025-05-24 11:41:20.510,1.1,nan,0.0,0.1,00:00:00,0.0,0.9,-0.7,54.0
2025-05-24 11:41:21.506,1.1,nan,0.0,0.1,00:00:00,0.0,0.9,-0.7,54.0
2025-05-24 11:41:22.516,1.1,nan,0.0,0.1,00:00:00,0.0,0.9,-0.7,54.0
2025-05-24 11:41:23.505,1.1,nan,0.0,0.1,00:00:00,0.0,0.9,-0.7,54.0
2025-05-24 11:41:24.508,1.1,nan,0.0,0.1,00:00:00,0.0,0.9,-0.7,54.0
2025-05-24 11:41:25.514,1.1,nan,0.0,0.1,00:00:00,0.0,0.9,-0.7,54.0
2025-05-24 11:41:26.510,1.1,nan,0.0,0.1,00:00:00,0.0,0.9,-0.7,54.0
2025-05-24 11:41:27.514,1.1,nan,0.0,0.1,00:00:00,0.0,0.9,-0.7,54.0
2025-05-24 11:41:28.511,1.1,nan,0.0,0.1,00:00:00,0.0,0.9,-0.7,54.0
2025-05-24 11:41:29.505,1.1,nan,0.0,0.1,00:00:00,0.0,0.9,-0.7,54.0
2025-05-24 11:41:30.507,1.1,nan,0.0,0.1,00:00:00,0.0,0.9,-0.7,54.0
2025-05-24 11:41:31.510,1.1,nan,0.0,0.1,00:00:00,0.0,0.9,-0.7,54.0
2025-05-24 11:41:32.514,1.1,nan,0.0,0.1,00:00:00,0.0,0.9,-0.7,54.0
2025-05-24 11:41:33.506,1.1,nan,0.0,0.1,00:00:00,0.0,0.9,-0.7,54.0
2025-05-24 11:41:34.504,1.1,nan,0.0,0.1,00:00:00,0.0,0.9,-0.7,54.0
2025-05-24 11:41:35.509,1.1,nan,0.0,0.1,00:00:00,0.0,0.9,-0.7,54.0
2025-05-24 11:41:36.506,1.1,nan,0.0,0.1,00:00:00,0.0,0.9,-0.7,54.0
2025-05-24 11:41:37.506,1.1,nan,0.0,0.1,00:00:00,0.0,0.9,-0.7,54.0
2025-05-24 11:41:38.511,1.1,nan,0.0,0.1,00:00:00,0.0,0.9,-0.7,54.0
2025-05-24 11:41:39.511,1.1,nan,0.0,0.1,00:00:00,0.0,0.9,-0.7,54.0
2025-05-24 11:41:40.509,1.1,nan,0.0,0.1,00:00:00,0.0,0.9,-0.7,54.0
2025-05-24 11:41:41.504,1.1,nan,0.0,0.1,00:00:00,0.0,0.9,-0.7,54.0
2025-05-24 11:41:42.506,1.1,nan,0.0,0.1,00:00:00,0.0,0.9,-0.7,54.0
2025-05-24 11:41:43.512,1.1,nan,0.0,0.1,00:00:00,0.0,0.9,-0.7,54.0
2025-05-24 11:41:44.509,1.1,nan,0.0,0.1,00:00:00,0.0,0.9,-0.7,54.0
2025-05-24 11:41:45.508,1.1,nan,0.0,0.1,00:00:00,0.0,0.9,-0.7,54.0
2025-05-24 11:41:46.510,1.1,nan,0.0,0.1,00:00:00,0.0,0.9,-0.7,54.0
2025-05-24 11:41:47.504,1.1,nan,0.0,0.1,00:00:00,0.0,0.9,-0.7,54.0
2025-05-24 11:41:48.511,1.1,nan,0.0,0.1,00:00:00,0.0,0.9,-0.7,54.0
2025-05-24 11:41:49.511,1.1,nan,0.0,0.1,00:00:00,0.0,0.9,-0.7,54.0
2025-05-24 11:41:50.512,1.1,nan,0.0,0.1,00:00:00,0.0,0.9,-0.7,54.0
2025-05-24 11:41:51.508,1.1,nan,0.0,0.1,00:00:00,0.0,0.9,-0.7,54.0
2025-05-24 11:41:52.507,1.1,nan,0.0,0.1,00:00:00,0.0,0.9,-0.7,54.0
2025-05-24 11:41:53.511,1.1,nan,0.0,0.1,00:00:00,0.0,0.9,-0.7,54.0
2025-05-24 11:41:54.506,1.1,nan,0.0,0.1,00:00:00,0.0,0.9,-0.7,54.0
2025-05-24 11:41:55.512,1.1,nan,0.0,0.1,00:00:00,0.0,0.9,-0.7,54.0
2025-05-24 11:41:56.510,1.1,nan,0.0,0.1,00:00:00,0.0,0.9,-0.7,54.0
2025-05-24 11:41:57.505,1.1,nan,0.0,0.1,00:00:00,0.0,0.9,-0.7,54.0
2025-05-24 11:41:58.506,1.1,nan,0.0,0.1,00:00:00,0.0,0.9,-0.7,54.0
2025-05-24 11:41:59.510,1.1,nan,0.0,0.1,00:00:00,0.0,0.9,-0.7,54.0
2025-05-24 11:42:00.512,1.1,nan,0.0,0.1,00:00:00,0.0,0.9,-0.7,54.0
2025-05-24 11:42:01.507,1.1,nan,0.0,0.1,00:00:00,0.0,0.9,-0.7,54.0
2025-05-24 11:42:02.511,1.1,nan,0.0,0.1,00:00:00,0.0,0.9,-0.7,54.0
2025-05-24 11:42:03.505,1.1,nan,0.0,0.1,00:00:00,0.0,0.9,-0.7,54.0
2025-05-24 11:42:04.507,1.1,nan,0.0,0.1,00:00:00,0.0,0.9,-0.7,54.0
2025-05-24 11:42:05.506,1.1,nan,0.0,0.1,00:00:00,0.0,0.9,-0.7,54.0
2025-05-24 11:42:06.509,1.1,nan,0.0,0.1,00:00:00,0.0,0.9,-0.7,54.0
2025-05-24 11:42:07.512,1.1,nan,0.0,0.1,00:00:00,0.0,0.9,-0.7,54.0
2025-05-24 11:42:08.510,1.1,nan,0.0,0.1,00:00:00,0.0,0.9,-0.7,54.0
2025-05-24 11:42:09.511,1.1,nan,0.0,0.1,00:00:00,0.0,0.9,-0.7,54.0
2025-05-24 11:42:10.511,1.1,nan,0.0,0.1,00:00:00,0.0,0.9,-0.7,54.0
2025-05-24 11:42:11.509,1.1,nan,0.0,0.1,00:00:00,0.0,0.9,-0.7,54.0
2025-05-24 11:42:12.509,1.1,nan,0.0,0.1,00:00:00,0.0,0.9,-0.7,54.0
2025-05-24 11:42:13.509,1.1,nan,0.0,0.1,00:00:00,0.0,0.9,-0.7,54.0
2025-05-24 11:42:14.509,1.1,nan,0.0,0.1,00:00:00,0.0,0.9,-0.7,54.0
2025-05-24 11:42:15.509,1.1,nan,0.0,0.1,00:00:00,0.0,0.9,-0.7,54.0
2025-05-24 11:42:16.512,1.1,nan,0.0,0.1,00:00:00,0.0,0.9,-0.7,54.0
2025-05-24 11:42:17.506,1.1,nan,0.0,0.1,00:00:00,0.0,0.9,-0.7,54.0
2025-05-24 11:42:18.506,1.1,nan,0.0,0.1,00:00:00,0.0,0.9,-0.7,54.0
2025-05-24 11:42:19.510,1.1,nan,0.0,0.1,00:00:00,0.0,0.9,-0.7,54.0
2025-05-24 11:42:20.509,1.1,nan,0.0,0.1,00:00:00,0.0,0.9,-0.7,54.0
2025-05-24 11:42:21.506,1.1,nan,0.0,0.1,00:00:00,0.0,0.9,-0.7,54.0
2025-05-24 11:42:22.511,1.1,nan,0.0,0.1,00:00:00,0.0,0.9,-0.7,54.0
2025-05-24 11:42:23.513,1.1,nan,0.0,0.1,00:00:00,0.0,0.9,-0.7,54.0
2025-05-24 11:42:24.508,1.1,nan,0.0,0.1,00:00:00,0.0,0.9,-0.7,54.0
2025-05-24 11:42:25.507,1.1,nan,0.0,0.1,00:00:00,0.0,0.9,-0.7,54.0
2025-05-24 11:42:26.510,1.1,nan,0.0,0.1,00:00:00,0.0,0.9,-0.7,54.0
2025-05-24 11:42:27.510,1.1,nan,0.0,0.1,00:00:00,0.0,0.9,-0.7,54.0
2025-05-24 11:42:28.508,1.1,nan,0.0,0.1,00:00:00,0.0,0.9,-0.7,54.0
2025-05-24 11:42:29.506,1.1,nan,0.0,0.1,00:00:00,0.0,0.9,-0.7,54.0
2025-05-24 11:42:30.514,1.1,nan,0.0,0.1,00:00:00,0.0,0.9,-0.7,54.0
2025-05-24 11:42:31.507,1.1,nan,0.0,0.1,00:00:00,0.0,0.9,-0.7,54.0
2025-05-24 11:42:32.510,1.1,nan,0.0,0.1,00:00:00,0.0,0.9,-0.7,54.0
2025-05-24 11:42:33.507,1.1,nan,0.0,0.1,00:00:00,0.0,0.9,-0.7,54.0
2025-05-24 11:42:34.506,1.1,nan,0.0,0.1,00:00:00,0.0,0.9,-0.7,54.0
2025-05-24 11:42:35.511,1.1,nan,0.0,0.1,00:00:00,0.0,0.9,-0.7,54.0
2025-05-24 11:42:36.506,1.1,nan,0.0,0.1,00:00:00,0.0,0.9,-0.7,54.0
2025-05-24 11:42:37.508,1.1,nan,0.0,0.1,00:00:00,0.0,0.9,-0.7,54.0
2025-05-24 11:42:38.506,1.1,nan,0.0,0.1,00:00:00,0.0,0.9,-0.7,54.0
2025-05-24 11:42:39.511,1.1,nan,0.0,0.1,00:00:00,0.0,0.9,-0.7,54.0
2025-05-24 11:42:40.510,1.1,nan,0.0,0.1,00:00:00,0.0,0.9,-0.7,54.0
2025-05-24 11:42:41.511,1.1,nan,0.0,0.1,00:00:00,0.0,0.9,-0.7,54.0
2025-05-24 11:42:42.511,1.1,nan,0.0,0.1,00:00:00,0.0,0.9,-0.7,54.0
2025-05-24 11:42:43.509,1.1,nan,0.0,0.1,00:00:00,0.0,0.9,-0.7,54.0
2025-05-24 11:42:44.508,1.1,nan,0.0,0.1,00:00:00,0.0,0.9,-0.7,54.0
2025-05-24 11:42:45.506,1.1,nan,0.0,0.1,00:00:00,0.0,0.9,-0.7,54.0
2025-05-24 11:42:46.512,1.1,nan,0.0,0.1,00:00:00,0.0,0.9,-0.7,54.0
2025-05-24 11:42:47.510,1.1,nan,0.0,0.1,00:00:00,0.0,0.9,-0.7,54.0
2025-05-24 11:42:48.504,1.1,nan,0.0,0.1,00:00:00,0.0,0.9,-0.7,54.0
2025-05-24 11:42:49.513,1.1,nan,0.0,0.1,00:00:00,0.0,0.9,-0.7,54.0
2025-05-24 11:42:50.506,1.1,nan,0.0,0.1,00:00:00,0.0,0.9,-0.7,54.0
2025-05-24 11:42:51.508,1.1,nan,0.0,0.1,00:00:00,0.0,0.9,-0.7,54.0
2025-05-24 11:42:52.511,1.1,nan,0.0,0.1,00:00:00,0.0,0.9,-0.7,54.0
2025-05-24 11:42:53.512,1.1,nan,0.0,0.1,00:00:00,0.0,0.9,-0.7,54.0
2025-05-24 11:42:54.510,1.1,nan,0.0,0.1,00:00:00,0.0,0.9,-0.7,54.0
2025-05-24 11:42:55.504,1.1,nan,0.0,0.1,00:00:00,0.0,0.9,-0.7,54.0
2025-05-24 11:42:56.511,1.1,nan,0.0,0.1,00:00:00,0.0,0.9,-0.7,54.0
2025-05-24 11:42:57.507,1.1,nan,0.0,0.1,00:00:00,0.0,0.9,-0.7,54.0
2025-05-24 11:42:58.509,1.1,nan,0.0,0.1,00:00:00,0.0,0.9,-0.7,54.0
2025-05-24 11:42:59.510,1.1,nan,0.0,0.1,00:00:00,0.0,0.9,-0.7,54.0
2025-05-24 11:43:00.511,1.1,nan,0.0,0.1,00:00:00,0.0,0.9,-0.7,54.0
2025-05-24 11:43:01.508,1.1,nan,0.0,0.1,00:00:00,0.0,0.9,-0.7,54.0
2025-05-24 11:43:02.507,1.1,nan,0.0,0.1,00:00:00,0.0,0.9,-0.7,54.0
2025-05-24 11:43:03.512,1.1,nan,0.0,0.1,00:00:00,0.0,0.9,-0.7,54.0
2025-05-24 11:43:04.509,1.1,nan,0.0,0.1,00:00:00,0.0,0.9,-0.7,54.0
2025-05-24 11:43:05.512,1.1,nan,0.0,0.1,00:00:00,0.0,0.9,-0.7,54.0
2025-05-24 11:43:06.508,1.1,nan,0.0,0.1,00:00:00,0.0,0.9,-0.7,54.0
2025-05-24 11:43:07.511,1.1,nan,0.0,0.1,00:00:00,0.0,0.9,-0.7,54.0
2025-05-24 11:43:08.505,1.1,nan,0.0,0.1,00:00:00,0.0,0.9,-0.7,54.0
2025-05-24 11:43:09.510,1.1,nan,0.0,0.1,00:00:00,0.0,0.9,-0.7,54.0
2025-05-24 11:43:10.515,1.1,nan,0.0,0.1,00:00:00,0.0,0.9,-0.7,54.0
2025-05-24 11:43:11.509,1.1,nan,0.0,0.1,00:00:00,0.0,0.9,-0.7,54.0
2025-05-24 11:43:12.509,1.1,nan,0.0,0.1,00:00:00,0.0,0.9,-0.7,54.0
2025-05-24 11:43:13.511,1.1,nan,0.0,0.1,00:00:00,0.0,0.9,-0.7,54.0
2025-05-24 11:43:14.509,1.1,nan,0.0,0.1,00:00:00,0.0,0.9,-0.7,54.0
2025-05-24 11:43:15.508,1.1,nan,0.0,0.1,00:00:00,0.0,0.9,-0.7,54.0
2025-05-24 11:43:16.506,1.1,nan,0.0,0.1,00:00:00,0.0,0.9,-0.7,54.0
2025-05-24 11:43:17.509,1.1,nan,0.0,0.1,00:00:00,0.0,0.9,-0.7,54.0
2025-05-24 11:43:18.506,1.1,nan,0.0,0.1,00:00:00,0.0,0.9,-0.7,54.0
2025-05-24 11:43:19.512,1.1,nan,0.0,0.1,00:00:00,0.0,0.9,-0.7,54.0
2025-05-24 11:43:20.509,1.1,nan,0.0,0.1,00:00:00,0.0,0.9,-0.7,54.0
2025-05-24 11:43:21.506,1.1,nan,0.0,0.1,00:00:00,0.0,0.9,-0.7,54.0
2025-05-24 11:43:22.508,1.1,nan,0.0,0.1,00:00:00,0.0,0.9,-0.7,54.0
2025-05-24 11:43:23.509,1.1,nan,0.0,0.1,00:00:00,0.0,0.9,-0.7,54.0
2025-05-24 11:43:24.513,1.1,nan,0.0,0.1,00:00:00,0.0,0.9,-0.7,54.0
2025-05-24 11:43:25.508,1.1,nan,0.0,0.1,00:00:00,0.0,0.9,-0.7,54.0
2025-05-24 11:43:26.513,1.1,nan,0.0,0.1,00:00:00,0.0,0.9,-0.7,54.0
2025-05-24 11:43:27.509,1.1,nan,0.0,0.1,00:00:00,0.0,0.9,-0.7,54.0
2025-05-24 11:43:28.509,1.1,nan,0.0,0.1,00:00:00,0.0,0.9,-0.7,54.0
2025-05-24 11:43:29.509,1.1,nan,0.0,0.1,00:00:00,0.0,0.9,-0.7,54.0
2025-05-24 11:43:30.510,1.1,nan,0.0,0.1,00:00:00,0.0,0.9,-0.7,54.0
2025-05-24 11:43:31.508,1.1,nan,0.0,0.1,00:00:00,0.0,0.9,-0.7,54.0
2025-05-24 11:43:32.506,1.1,nan,0.0,0.1,00:00:00,0.0,0.9,-0.7,54.0
2025-05-24 11:43:33.513,1.1,nan,0.0,0.1,00:00:00,0.0,0.9,-0.7,54.0
2025-05-24 11:43:34.508,1.1,nan,0.0,0.1,00:00:00,0.0,0.9,-0.7,54.0
2025-05-24 11:43:35.511,1.1,nan,0.0,0.1,00:00:00,0.0,0.9,-0.7,54.0
2025-05-24 11:43:36.510,1.1,nan,0.0,0.1,00:00:00,0.0,0.9,-0.7,54.0
2025-05-24 11:43:37.510,1.1,nan,0.0,0.1,00:00:00,0.0,0.9,-0.7,54.0
2025-05-24 11:43:38.505,1.1,nan,0.0,0.1,00:00:00,0.0,0.9,-0.7,54.0
2025-05-24 11:43:39.510,1.1,nan,0.0,0.1,00:00:00,0.0,0.9,-0.7,54.0
2025-05-24 11:43:40.513,1.1,nan,0.0,0.1,00:00:00,0.0,0.9,-0.7,54.0
2025-05-24 11:43:41.509,1.1,nan,0.0,0.1,00:00:00,0.0,0.9,-0.7,54.0
2025-05-24 11:43:42.511,1.1,nan,0.0,0.1,00:00:00,0.0,0.9,-0.7,54.0
2025-05-24 11:43:43.509,1.1,nan,0.0,0.1,00:00:00,0.0,0.9,-0.7,54.0
2025-05-24 11:43:44.506,1.1,nan,0.0,0.1,00:00:00,0.0,0.9,-0.7,54.0
2025-05-24 11:43:45.513,1.1,nan,0.0,0.1,00:00:00,0.0,0.9,-0.7,54.0
2025-05-24 11:43:46.507,1.1,nan,0.0,0.1,00:00:00,0.0,0.9,-0.7,54.0
2025-05-24 11:43:47.505,1.1,nan,0.0,0.1,00:00:00,0.0,0.9,-0.7,54.0
2025-05-24 11:43:48.509,1.1,nan,0.0,0.1,00:00:00,0.0,0.9,-0.7,54.0
2025-05-24 11:43:49.510,1.1,nan,0.0,0.1,00:00:00,0.0,0.9,-0.7,54.0
2025-05-24 11:43:50.510,1.1,nan,0.0,0.1,00:00:00,0.0,0.9,-0.7,54.0
2025-05-24 11:43:51.508,1.1,nan,0.0,0.1,00:00:00,0.0,0.9,-0.7,54.0
2025-05-24 11:43:52.508,1.1,nan,0.0,0.1,00:00:00,0.0,0.9,-0.7,54.0
2025-05-24 11:43:53.506,1.1,nan,0.0,0.1,00:00:00,0.0,0.9,-0.7,54.0
2025-05-24 11:43:54.508,1.1,nan,0.0,0.1,00:00:00,0.0,0.9,-0.7,54.0
2025-05-24 11:43:55.505,1.1,nan,0.0,0.1,00:00:00,0.0,0.9,-0.7,54.0
2025-05-24 11:43:56.510,1.1,nan,0.0,0.1,00:00:00,0.0,0.9,-0.7,54.0
2025-05-24 11:43:57.506,1.1,nan,0.0,0.1,00:00:00,0.0,0.9,-0.7,54.0
2025-05-24 11:43:58.506,1.1,nan,0.0,0.1,00:00:00,0.0,0.9,-0.7,54.0
2025-05-24 11:43:59.512,1.1,nan,0.0,0.1,00:00:00,0.0,0.9,-0.7,54.0
2025-05-24 11:44:00.505,1.1,nan,0.0,0.1,00:00:00,0.0,0.9,-0.7,54.0
2025-05-24 11:44:01.506,1.1,nan,0.0,0.1,00:00:00,0.0,0.9,-0.7,54.0
2025-05-24 11:44:02.506,1.1,nan,0.0,0.1,00:00:00,0.0,0.9,-0.7,54.0
2025-05-24 11:44:03.512,1.1,nan,0.0,0.1,00:00:00,0.0,0.9,-0.7,54.0
2025-05-24 11:44:04.506,1.1,nan,0.0,0.1,00:00:00,0.0,0.9,-0.7,54.0
2025-05-24 11:44:05.509,1.1,nan,0.0,0.1,00:00:00,0.0,0.9,-0.7,54.0
2025-05-24 11:44:06.513,1.1,nan,0.0,0.1,00:00:00,0.0,0.9,-0.7,54.0
2025-05-24 11:44:07.508,1.1,nan,0.0,0.1,00:00:00,0.0,0.9,-0.7,54.0
2025-05-24 11:44:08.511,1.1,nan,0.0,0.1,00:00:00,0.0,0.9,-0.7,54.0
2025-05-24 11:44:09.508,1.1,nan,0.0,0.1,00:00:00,0.0,0.9,-0.7,54.0
2025-05-24 11:44:10.513,1.1,nan,0.0,0.1,00:00:00,0.0,0.9,-0.7,54.0
2025-05-24 11:44:11.511,1.1,nan,0.0,0.1,00:00:00,0.0,0.9,-0.7,54.0
2025-05-24 11:44:12.505,1.1,nan,0.0,0.1,00:00:00,0.0,0.9,-0.7,54.0
2025-05-24 11:44:13.508,1.1,nan,0.0,0.1,00:00:00,0.0,0.9,-0.7,54.0
2025-05-24 11:44:14.506,1.1,nan,0.0,0.1,00:00:00,0.0,0.9,-0.7,54.0
2025-05-24 11:44:15.506,1.1,nan,0.0,0.1,00:00:00,0.0,0.9,-0.7,54.0
2025-05-24 11:44:16.509,1.1,nan,0.0,0.1,00:00:00,0.0,0.9,-0.7,54.0
2025-05-24 11:44:17.507,1.1,nan,0.0,0.1,00:00:00,0.0,0.9,-0.7,54.0
2025-05-24 11:44:18.506,1.1,nan,0.0,0.1,00:00:00,0.0,0.9,-0.7,54.0
2025-05-24 11:44:19.509,1.1,nan,0.0,0.1,00:00:00,0.0,0.9,-0.7,54.0
2025-05-24 11:44:20.512,1.1,nan,0.0,0.1,00:00:00,0.0,0.9,-0.7,54.0
2025-05-24 11:44:21.510,1.1,nan,0.0,0.1,00:00:00,0.0,0.9,-0.7,54.0
2025-05-24 11:44:22.509,1.1,nan,0.0,0.1,00:00:00,0.0,0.9,-0.7,54.0
2025-05-24 11:44:23.505,1.1,nan,0.0,0.1,00:00:00,0.0,0.9,-0.7,54.0
2025-05-24 11:44:24.510,1.1,nan,0.0,0.1,00:00:00,0.0,0.9,-0.7,54.0
2025-05-24 11:44:25.511,1.1,nan,0.0,0.1,00:00:00,0.0,0.9,-0.7,54.0
2025-05-24 11:44:26.506,1.1,nan,0.0,0.1,00:00:00,0.0,0.9,-0.7,54.0
2025-05-24 11:44:27.508,1.1,nan,0.0,0.1,00:00:00,0.0,0.9,-0.7,54.0
2025-05-24 11:44:28.511,1.1,nan,0.0,0.1,00:00:00,0.0,0.9,-0.7,54.0
2025-05-24 11:44:29.513,1.1,nan,0.0,0.1,00:00:00,0.0,0.9,-0.7,54.0
2025-05-24 11:44:30.506,1.1,nan,0.0,0.1,00:00:00,0.0,0.9,-0.7,54.0
2025-05-24 11:44:31.509,1.1,nan,0.0,0.1,00:00:00,0.0,0.9,-0.7,54.0
2025-05-24 11:44:32.512,1.1,nan,0.0,0.1,00:00:00,0.0,0.9,-0.7,54.0
2025-05-24 11:44:33.507,1.1,nan,0.0,0.1,00:00:00,0.0,0.9,-0.7,54.0
2025-05-24 11:44:34.506,1.1,nan,0.0,0.1,00:00:00,0.0,0.9,-0.7,54.0
2025-05-24 11:44:35.508,1.1,nan,0.0,0.1,00:00:00,0.0,0.9,-0.7,54.0
2025-05-24 11:44:36.506,1.1,nan,0.0,0.1,00:00:00,0.0,0.9,-0.7,54.0
2025-05-24 11:44:37.507,1.1,nan,0.0,0.1,00:00:00,0.0,0.9,-0.7,54.0
2025-05-24 11:44:38.512,1.1,nan,0.0,0.1,00:00:00,0.0,0.9,-0.7,54.0
2025-05-24 11:44:39.504,1.1,nan,0.0,0.1,00:00:00,0.0,0.9,-0.7,54.0
2025-05-24 11:44:40.510,1.1,nan,0.0,0.1,00:00:00,0.0,0.9,-0.7,54.0
2025-05-24 11:44:41.506,1.1,nan,0.0,0.1,00:00:00,0.0,0.9,-0.7,54.0
2025-05-24 11:44:42.510,1.1,nan,0.0,0.1,00:00:00,0.0,0.9,-0.7,54.0
2025-05-24 11:44:43.505,1.1,nan,0.0,0.1,00:00:00,0.0,0.9,-0.7,54.0
2025-05-24 11:44:44.511,1.1,nan,0.0,0.1,00:00:00,0.0,0.9,-0.7,54.0
2025-05-24 11:44:45.510,1.1,nan,0.0,0.1,00:00:00,0.0,0.9,-0.7,54.0
2025-05-24 11:44:46.508,1.1,nan,0.0,0.1,00:00:00,0.0,0.9,-0.7,54.0
2025-05-24 11:44:47.507,1.1,nan,0.0,0.1,00:00:00,0.0,0.9,-0.7,54.0
2025-05-24 11:44:48.511,1.1,nan,0.0,0.1,00:00:00,0.0,0.9,-0.7,54.0
2025-05-24 11:44:49.505,1.1,nan,0.0,0.1,00:00:00,0.0,0.9,-0.7,54.0
2025-05-24 11:44:50.508,1.1,nan,0.0,0.1,00:00:00,0.0,0.9,-0.7,54.0
2025-05-24 11:44:51.505,1.1,nan,0.0,0.1,00:00:00,0.0,0.9,-0.7,54.0
2025-05-24 11:44:52.514,1.1,nan,0.0,0.1,00:00:00,0.0,0.9,-0.7,54.0
2025-05-24 11:44:53.505,1.1,nan,0.0,0.1,00:00:00,0.0,0.9,-0.7,54.0
2025-05-24 11:44:54.510,1.1,nan,0.0,0.1,00:00:00,0.0,0.9,-0.7,54.0
2025-05-24 11:44:55.511,1.1,nan,0.0,0.1,00:00:00,0.0,0.9,-0.7,54.0
2025-05-24 11:44:56.505,1.1,nan,0.0,0.1,00:00:00,0.0,0.9,-0.7,54.0
2025-05-24 11:44:57.512,1.1,nan,0.0,0.1,00:00:00,0.0,0.9,-0.7,54.0
2025-05-24 11:44:58.506,1.1,nan,0.0,0.1,00:00:00,0.0,0.9,-0.7,54.0
2025-05-24 11:44:59.506,1.1,nan,0.0,0.1,00:00:00,0.0,0.9,-0.7,54.0
2025-05-24 11:45:00.507,1.1,nan,0.0,0.1,00:00:00,0.0,0.9,-0.7,54.0
2025-05-24 11:45:01.506,1.1,nan,0.0,0.1,00:00:00,0.0,0.9,-0.7,54.0
2025-05-24 11:45:02.512,1.1,nan,0.0,0.1,00:00:00,0.0,0.9,-0.7,54.0
2025-05-24 11:45:03.509,1.1,nan,0.0,0.1,00:00:00,0.0,0.9,-0.7,54.0
2025-05-24 11:45:04.514,1.1,nan,0.0,0.1,00:00:00,0.0,0.9,-0.7,54.0
2025-05-24 11:45:05.509,1.1,nan,0.0,0.1,00:00:00,0.0,0.9,-0.7,54.0
2025-05-24 11:45:06.511,1.1,nan,0.0,0.1,00:00:00,0.0,0.9,-0.7,54.0
2025-05-24 11:45:07.505,1.1,nan,0.0,0.1,00:00:00,0.0,0.9,-0.7,54.0
2025-05-24 11:45:08.506,1.1,nan,0.0,0.1,00:00:00,0.0,0.9,-0.7,54.0
2025-05-24 11:45:09.513,1.1,nan,0.0,0.1,00:00:00,0.0,0.9,-0.7,54.0
2025-05-24 11:45:10.507,1.1,nan,0.0,0.1,00:00:00,0.0,0.9,-0.7,54.0
2025-05-24 11:45:11.512,1.1,nan,0.0,0.1,00:00:00,0.0,0.9,-0.7,54.0
2025-05-24 11:45:12.505,1.1,nan,0.0,0.1,00:00:00,0.0,0.9,-0.7,54.0
2025-05-24 11:45:13.506,1.1,nan,0.0,0.1,00:00:00,0.0,0.9,-0.7,54.0
2025-05-24 11:45:14.507,1.1,nan,0.0,0.1,00:00:00,0.0,0.9,-0.7,54.0
2025-05-24 11:45:15.510,1.1,nan,0.0,0.1,00:00:00,0.0,0.9,-0.7,54.0
2025-05-24 11:45:16.514,1.1,nan,0.0,0.1,00:00:00,0.0,0.9,-0.7,54.0
2025-05-24 11:45:17.510,1.1,nan,0.0,0.1,00:00:00,0.0,0.9,-0.7,54.0
2025-05-24 11:45:18.510,1.1,nan,0.0,0.1,00:00:00,0.0,0.9,-0.7,54.0
2025-05-24 11:45:19.509,1.1,nan,0.0,0.1,00:00:00,0.0,0.9,-0.7,54.0
2025-05-24 11:45:20.510,1.1,nan,0.0,0.1,00:00:00,0.0,0.9,-0.7,54.0
2025-05-24 11:45:21.509,1.1,nan,0.0,0.1,00:00:00,0.0,0.9,-0.7,54.0
2025-05-24 11:45:22.510,1.1,nan,0.0,0.1,00:00:00,0.0,0.9,-0.7,54.0
2025-05-24 11:45:23.506,1.1,nan,0.0,0.1,00:00:00,0.0,0.9,-0.7,54.0
2025-05-24 11:45:24.509,1.1,nan,0.0,0.1,00:00:00,0.0,0.9,-0.7,54.0
2025-05-24 11:45:25.513,1.1,nan,0.0,0.1,00:00:00,0.0,0.9,-0.7,54.0
2025-05-24 11:45:26.511,1.1,nan,0.0,0.1,00:00:00,0.0,0.9,-0.7,54.0
2025-05-24 11:45:27.504,1.1,nan,0.0,0.1,00:00:00,0.0,0.9,-0.7,54.0
2025-05-24 11:45:28.505,1.1,nan,0.0,0.1,00:00:00,0.0,0.9,-0.7,54.0
2025-05-24 11:45:29.510,1.1,nan,0.0,0.1,00:00:00,0.0,0.9,-0.7,54.0
2025-05-24 11:45:30.512,1.1,nan,0.0,0.1,00:00:00,0.0,0.9,-0.7,54.0
2025-05-24 11:45:31.509,1.1,nan,0.0,0.1,00:00:00,0.0,0.9,-0.7,54.0
2025-05-24 11:45:32.510,1.1,nan,0.0,0.1,00:00:00,0.0,0.9,-0.7,54.0
2025-05-24 11:45:33.509,1.1,nan,0.0,0.1,00:00:00,0.0,0.9,-0.7,54.0
2025-05-24 11:45:34.507,1.1,nan,0.0,0.1,00:00:00,0.0,0.9,-0.7,54.0
2025-05-24 11:45:35.505,1.1,nan,0.0,0.1,00:00:00,0.0,0.9,-0.7,54.0
2025-05-24 11:45:36.508,1.1,nan,0.0,0.1,00:00:00,0.0,0.9,-0.7,54.0
2025-05-24 11:45:37.514,1.1,nan,0.0,0.1,00:00:00,0.0,0.9,-0.7,54.0
2025-05-24 11:45:38.504,1.1,nan,0.0,0.1,00:00:00,0.0,0.9,-0.7,54.0
2025-05-24 11:45:39.512,1.1,nan,0.0,0.1,00:00:00,0.0,0.9,-0.7,54.0
2025-05-24 11:45:40.512,1.1,nan,0.0,0.1,00:00:00,0.0,0.9,-0.7,54.0
2025-05-24 11:45:41.506,1.1,nan,0.0,0.1,00:00:00,0.0,0.9,-0.7,54.0
2025-05-24 11:45:42.510,1.1,nan,0.0,0.1,00:00:00,0.0,0.9,-0.7,54.0
2025-05-24 11:45:43.511,1.1,nan,0.0,0.1,00:00:00,0.0,0.9,-0.7,54.0
2025-05-24 11:45:44.513,1.1,nan,0.0,0.1,00:00:00,0.0,0.9,-0.7,54.0
2025-05-24 11:45:45.510,1.1,nan,0.0,0.1,00:00:00,0.0,0.9,-0.7,54.0
2025-05-24 11:45:46.512,1.1,nan,0.0,0.1,00:00:00,0.0,0.9,-0.7,54.0
2025-05-24 11:45:47.511,1.1,nan,0.0,0.1,00:00:00,0.0,0.9,-0.7,54.0
2025-05-24 11:45:48.505,1.1,nan,0.0,0.1,00:00:00,0.0,0.9,-0.7,54.0
2025-05-24 11:45:49.506,1.1,nan,0.0,0.1,00:00:00,0.0,0.9,-0.7,54.0
2025-05-24 11:45:50.511,1.1,nan,0.0,0.1,00:00:00,0.0,0.9,-0.7,54.0
2025-05-24 11:45:51.508,1.1,nan,0.0,0.1,00:00:00,0.0,0.9,-0.7,54.0
2025-05-24 11:45:52.509,1.1,nan,0.0,0.1,00:00:00,0.0,0.9,-0.7,54.0
2025-05-24 11:45:53.514,1.1,nan,0.0,0.1,00:00:00,0.0,0.9,-0.7,54.0
2025-05-24 11:45:54.509,1.1,nan,0.0,0.1,00:00:00,0.0,0.9,-0.7,54.0
2025-05-24 11:45:55.505,1.1,nan,0.0,0.1,00:00:00,0.0,0.9,-0.7,54.0
2025-05-24 11:45:56.510,1.1,nan,0.0,0.1,00:00:00,0.0,0.9,-0.7,54.0
2025-05-24 11:45:57.510,1.1,nan,0.0,0.1,00:00:00,0.0,0.9,-0.7,54.0
2025-05-24 11:45:58.508,1.1,nan,0.0,0.1,00:00:00,0.0,0.9,-0.7,54.0
2025-05-24 11:45:59.509,1.1,nan,0.0,0.1,00:00:00,0.0,0.9,-0.7,54.0
2025-05-24 11:46:00.514,1.1,nan,0.0,0.1,00:00:00,0.0,0.9,-0.7,54.0
2025-05-24 11:46:01.505,1.1,nan,0.0,0.1,00:00:00,0.0,0.9,-0.7,54.0
2025-05-24 11:46:02.505,1.1,nan,0.0,0.1,00:00:00,0.0,0.9,-0.7,54.0
2025-05-24 11:46:03.510,1.1,nan,0.0,0.1,00:00:00,0.0,0.9,-0.7,54.0
2025-05-24 11:46:04.511,1.1,nan,0.0,0.1,00:00:00,0.0,0.9,-0.7,54.0
2025-05-24 11:46:05.506,1.1,nan,0.0,0.1,00:00:00,0.0,0.9,-0.7,54.0
2025-05-24 11:46:06.505,1.1,nan,0.0,0.1,00:00:00,0.0,0.9,-0.7,54.0
2025-05-24 11:46:07.511,1.1,nan,0.0,0.1,00:00:00,0.0,0.9,-0.7,54.0
2025-05-24 11:46:08.509,1.1,nan,0.0,0.1,00:00:00,0.0,0.9,-0.7,54.0
2025-05-24 11:46:09.510,1.1,nan,0.0,0.1,00:00:00,0.0,0.9,-0.7,54.0
2025-05-24 11:46:10.510,1.1,nan,0.0,0.1,00:00:00,0.0,0.9,-0.7,54.0
2025-05-24 11:46:11.505,1.1,nan,0.0,0.1,00:00:00,0.0,0.9,-0.7,54.0
2025-05-24 11:46:12.506,1.1,nan,0.0,0.1,00:00:00,0.0,0.9,-0.7,54.0
2025-05-24 11:46:13.510,1.1,nan,0.0,0.1,00:00:00,0.0,0.9,-0.7,54.0
2025-05-24 11:46:14.509,1.1,nan,0.0,0.1,00:00:00,0.0,0.9,-0.7,54.0
2025-05-24 11:46:15.506,1.1,nan,0.0,0.1,00:00:00,0.0,0.9,-0.7,54.0
2025-05-24 11:46:16.505,1.1,nan,0.0,0.1,00:00:00,0.0,0.9,-0.7,54.0
2025-05-24 11:46:17.510,1.1,nan,0.0,0.1,00:00:00,0.0,0.9,-0.7,54.0
2025-05-24 11:46:18.512,1.1,nan,0.0,0.1,00:00:00,0.0,0.9,-0.7,54.0
2025-05-24 11:46:19.510,1.1,nan,0.0,0.1,00:00:00,0.0,0.9,-0.7,54.0
2025-05-24 11:46:20.508,1.1,nan,0.0,0.1,00:00:00,0.0,0.9,-0.7,54.0
2025-05-24 11:46:21.511,1.1,nan,0.0,0.1,00:00:00,0.0,0.9,-0.7,54.0
2025-05-24 11:46:22.506,1.1,nan,0.0,0.1,00:00:00,0.0,0.9,-0.7,54.0
2025-05-24 11:46:23.510,1.1,nan,0.0,0.1,00:00:00,0.0,0.9,-0.7,54.0
2025-05-24 11:46:24.510,1.1,nan,0.0,0.1,00:00:00,0.0,0.9,-0.7,54.0
2025-05-24 11:46:25.505,1.1,nan,0.0,0.1,00:00:00,0.0,0.9,-0.7,54.0
2025-05-24 11:46:26.507,1.1,nan,0.0,0.1,00:00:00,0.0,0.9,-0.7,54.0
2025-05-24 11:46:27.511,1.1,nan,0.0,0.1,00:00:00,0.0,0.9,-0.7,54.0
2025-05-24 11:46:28.510,1.1,nan,0.0,0.1,00:00:00,0.0,0.9,-0.7,54.0
2025-05-24 11:46:29.509,1.1,nan,0.0,0.1,00:00:00,0.0,0.9,-0.7,54.0
2025-05-24 11:46:30.509,1.1,nan,0.0,0.1,00:00:00,0.0,0.9,-0.7,54.0
2025-05-24 11:46:31.510,1.1,nan,0.0,0.1,00:00:00,0.0,0.9,-0.7,54.0
2025-05-24 11:46:32.506,1.1,nan,0.0,0.1,00:00:00,0.0,0.9,-0.7,54.0
2025-05-24 11:46:33.510,1.1,nan,0.0,0.1,00:00:00,0.0,0.9,-0.7,54.0
2025-05-24 11:46:34.506,1.1,nan,0.0,0.1,00:00:00,0.0,0.9,-0.7,54.0
2025-05-24 11:46:35.507,1.1,nan,0.0,0.1,00:00:00,0.0,0.9,-0.7,54.0
2025-05-24 11:46:36.504,1.1,nan,0.0,0.1,00:00:00,0.0,0.9,-0.7,54.0
2025-05-24 11:46:37.512,1.1,nan,0.0,0.1,00:00:00,0.0,0.9,-0.7,54.0
2025-05-24 11:46:38.510,1.1,nan,0.0,0.1,00:00:00,0.0,0.9,-0.7,54.0
2025-05-24 11:46:39.507,1.1,nan,0.0,0.1,00:00:00,0.0,0.9,-0.7,54.0
2025-05-24 11:46:40.511,1.1,nan,0.0,0.1,00:00:00,0.0,0.9,-0.7,54.0
2025-05-24 11:46:41.510,1.1,nan,0.0,0.1,00:00:00,0.0,0.9,-0.7,54.0
2025-05-24 11:46:42.508,1.1,nan,0.0,0.1,00:00:00,0.0,0.9,-0.7,54.0
2025-05-24 11:46:43.508,1.1,nan,0.0,0.1,00:00:00,0.0,0.9,-0.7,54.0
2025-05-24 11:46:44.506,1.1,nan,0.0,0.1,00:00:00,0.0,0.9,-0.7,54.0
2025-05-24 11:46:45.508,1.1,nan,0.0,0.1,00:00:00,0.0,0.9,-0.7,54.0
2025-05-24 11:46:46.509,1.1,nan,0.0,0.1,00:00:00,0.0,0.9,-0.7,54.0
2025-05-24 11:46:47.510,1.1,nan,0.0,0.1,00:00:00,0.0,0.9,-0.7,54.0
2025-05-24 11:46:48.508,1.1,nan,0.0,0.1,00:00:00,0.0,0.9,-0.7,54.0
2025-05-24 11:46:49.507,1.1,nan,0.0,0.1,00:00:00,0.0,0.9,-0.7,54.0
2025-05-24 11:46:50.513,1.1,nan,0.0,0.1,00:00:00,0.0,0.9,-0.7,54.0
2025-05-24 11:46:51.505,1.1,nan,0.0,0.1,00:00:00,0.0,0.9,-0.7,54.0
2025-05-24 11:46:52.507,1.1,nan,0.0,0.1,00:00:00,0.0,0.9,-0.7,54.0
2025-05-24 11:46:53.514,1.1,nan,0.0,0.1,00:00:00,0.0,0.9,-0.7,54.0
2025-05-24 11:46:54.507,1.1,nan,0.0,0.1,00:00:00,0.0,0.9,-0.7,54.0
2025-05-24 11:46:55.508,1.1,nan,0.0,0.1,00:00:00,0.0,0.9,-0.7,54.0
2025-05-24 11:46:56.512,1.1,nan,0.0,0.1,00:00:00,0.0,0.9,-0.7,54.0
2025-05-24 11:46:57.507,1.1,nan,0.0,0.1,00:00:00,0.0,0.9,-0.7,54.0
2025-05-24 11:46:58.509,1.1,nan,0.0,0.1,00:00:00,0.0,0.9,-0.7,54.0
2025-05-24 11:46:59.508,1.1,nan,0.0,0.1,00:00:00,0.0,0.9,-0.7,54.0
2025-05-24 11:47:00.510,1.1,nan,0.0,0.1,00:00:00,0.0,0.9,-0.7,54.0
2025-05-24 11:47:01.505,1.1,nan,0.0,0.1,00:00:00,0.0,0.9,-0.7,54.0
2025-05-24 11:47:02.505,1.1,nan,0.0,0.1,00:00:00,0.0,0.9,-0.7,54.0
2025-05-24 11:47:03.511,1.1,nan,0.0,0.1,00:00:00,0.0,0.9,-0.7,54.0
2025-05-24 11:47:04.506,1.1,nan,0.0,0.1,00:00:00,0.0,0.9,-0.7,54.0
2025-05-24 11:47:05.509,1.1,nan,0.0,0.1,00:00:00,0.0,0.9,-0.7,54.0
2025-05-24 11:47:06.511,1.1,nan,0.0,0.1,00:00:00,0.0,0.9,-0.7,54.0
2025-05-24 11:47:07.510,1.1,nan,0.0,0.1,00:00:00,0.0,0.9,-0.7,54.0
2025-05-24 11:47:08.507,1.1,nan,0.0,0.1,00:00:00,0.0,0.9,-0.7,54.0
2025-05-24 11:47:09.510,1.1,nan,0.0,0.1,00:00:00,0.0,0.9,-0.7,54.0
2025-05-24 11:47:10.512,1.1,nan,0.0,0.1,00:00:00,0.0,0.9,-0.7,54.0
2025-05-24 11:47:11.508,1.1,nan,0.0,0.1,00:00:00,0.0,0.9,-0.7,54.0
2025-05-24 11:47:12.506,1.1,nan,0.0,0.1,00:00:00,0.0,0.9,-0.7,54.0
2025-05-24 11:47:13.507,1.1,nan,0.0,0.1,00:00:00,0.0,0.9,-0.7,54.0
2025-05-24 11:47:14.505,1.1,nan,0.0,0.1,00:00:00,0.0,0.9,-0.7,54.0
2025-05-24 11:47:15.508,1.1,nan,0.0,0.1,00:00:00,0.0,0.9,-0.7,54.0
2025-05-24 11:47:16.509,1.1,nan,0.0,0.1,00:00:00,0.0,0.9,-0.7,54.0
2025-05-24 11:47:17.509,1.1,nan,0.0,0.1,00:00:00,0.0,0.9,-0.7,54.0
2025-05-24 11:47:18.505,1.1,nan,0.0,0.1,00:00:00,0.0,0.9,-0.7,54.0
2025-05-24 11:47:19.512,1.1,nan,0.0,0.1,00:00:00,0.0,0.9,-0.7,54.0
2025-05-24 11:47:20.508,1.1,nan,0.0,0.1,00:00:00,0.0,0.9,-0.7,54.0
2025-05-24 11:47:21.505,1.1,nan,0.0,0.1,00:00:00,0.0,0.9,-0.7,54.0
2025-05-24 11:47:22.506,1.1,nan,0.0,0.1,00:00:00,0.0,0.9,-0.7,54.0
2025-05-24 11:47:23.512,1.1,nan,0.0,0.1,00:00:00,0.0,0.9,-0.7,54.0
2025-05-24 11:47:24.507,1.1,nan,0.0,0.1,00:00:00,0.0,0.9,-0.7,54.0
2025-05-24 11:47:25.505,1.1,nan,0.0,0.1,00:00:00,0.0,0.9,-0.7,54.0
2025-05-24 11:47:26.511,1.1,nan,0.0,0.1,00:00:00,0.0,0.9,-0.7,54.0
2025-05-24 11:47:27.508,1.1,nan,0.0,0.1,00:00:00,0.0,0.9,-0.7,54.0
2025-05-24 11:47:28.511,1.1,nan,0.0,0.1,00:00:00,0.0,0.9,-0.7,54.0
2025-05-24 11:47:29.514,1.1,nan,0.0,0.1,00:00:00,0.0,0.9,-0.7,54.0
2025-05-24 11:47:30.512,1.1,nan,0.0,0.1,00:00:00,0.0,0.9,-0.7,54.0
2025-05-24 11:47:31.509,1.1,nan,0.0,0.1,00:00:00,0.0,0.9,-0.7,54.0
2025-05-24 11:47:32.511,1.1,nan,0.0,0.1,00:00:00,0.0,0.9,-0.7,54.0
2025-05-24 11:47:33.510,1.1,nan,0.0,0.1,00:00:00,0.0,0.9,-0.7,54.0
2025-05-24 11:47:34.507,1.1,nan,0.0,0.1,00:00:00,0.0,0.9,-0.7,54.0
2025-05-24 11:47:35.504,1.1,nan,0.0,0.1,00:00:00,0.0,0.9,-0.7,54.0
2025-05-24 11:47:36.514,1.1,nan,0.0,0.1,00:00:00,0.0,0.9,-0.7,54.0
2025-05-24 11:47:37.510,1.1,nan,0.0,0.1,00:00:00,0.0,0.9,-0.7,54.0
2025-05-24 11:47:38.511,1.1,nan,0.0,0.1,00:00:00,0.0,0.9,-0.7,54.0
2025-05-24 11:47:39.511,1.1,nan,0.0,0.1,00:00:00,0.0,0.9,-0.7,54.0
2025-05-24 11:47:40.506,1.1,nan,0.0,0.1,00:00:00,0.0,0.9,-0.7,54.0
2025-05-24 11:47:41.505,1.1,nan,0.0,0.1,00:00:00,0.0,0.9,-0.7,54.0
2025-05-24 11:47:42.506,1.1,nan,0.0,0.1,00:00:00,0.0,0.9,-0.7,54.0
2025-05-24 11:47:43.510,1.1,nan,0.0,0.1,00:00:00,0.0,0.9,-0.7,54.0
2025-05-24 11:47:44.506,1.1,nan,0.0,0.1,00:00:00,0.0,0.9,-0.7,54.0
2025-05-24 11:47:45.507,1.1,nan,0.0,0.1,00:00:00,0.0,0.9,-0.7,54.0
2025-05-24 11:47:46.506,1.1,nan,0.0,0.1,00:00:00,0.0,0.9,-0.7,54.0
2025-05-24 11:47:47.511,1.1,nan,0.0,0.1,00:00:00,0.0,0.9,-0.7,54.0
2025-05-24 11:47:48.504,1.1,nan,0.0,0.1,00:00:00,0.0,0.9,-0.7,54.0
2025-05-24 11:47:49.505,1.1,nan,0.0,0.1,00:00:00,0.0,0.9,-0.7,54.0
2025-05-24 11:47:50.506,1.1,nan,0.0,0.1,00:00:00,0.0,0.9,-0.7,54.0
2025-05-24 11:47:51.508,1.1,nan,0.0,0.1,00:00:00,0.0,0.9,-0.7,54.0
2025-05-24 11:47:52.510,1.1,nan,0.0,0.1,00:00:00,0.0,0.9,-0.7,54.0
2025-05-24 11:47:53.509,1.1,nan,0.0,0.1,00:00:00,0.0,0.9,-0.7,54.0
2025-05-24 11:47:54.506,1.1,nan,0.0,0.1,00:00:00,0.0,0.9,-0.7,54.0
2025-05-24 11:47:55.505,1.1,nan,0.0,0.1,00:00:00,0.0,0.9,-0.7,54.0
2025-05-24 11:47:56.510,1.1,nan,0.0,0.1,00:00:00,0.0,0.9,-0.7,54.0
2025-05-24 11:47:57.514,1.1,nan,0.0,0.1,00:00:00,0.0,0.9,-0.7,54.0
2025-05-24 11:47:58.505,1.1,nan,0.0,0.1,00:00:00,0.0,0.9,-0.7,54.0
2025-05-24 11:47:59.510,1.1,nan,0.0,0.1,00:00:00,0.0,0.9,-0.7,54.0
2025-05-24 11:48:00.505,1.1,nan,0.0,0.1,00:00:00,0.0,0.9,-0.7,54.0
2025-05-24 11:48:01.507,1.1,nan,0.0,0.1,00:00:00,0.0,0.9,-0.7,54.0
2025-05-24 11:48:02.512,1.1,nan,0.0,0.1,00:00:00,0.0,0.9,-0.7,54.0
2025-05-24 11:48:03.505,1.1,nan,0.0,0.1,00:00:00,0.0,0.9,-0.7,54.0
2025-05-24 11:48:04.514,1.1,nan,0.0,0.1,00:00:00,0.0,0.9,-0.7,54.0
2025-05-24 11:48:05.510,1.1,nan,0.0,0.1,00:00:00,0.0,0.9,-0.7,54.0
2025-05-24 11:48:06.514,1.1,nan,0.0,0.1,00:00:00,0.0,0.9,-0.7,54.0
2025-05-24 11:48:07.506,1.1,nan,0.0,0.1,00:00:00,0.0,0.9,-0.7,54.0
2025-05-24 11:48:08.506,1.1,nan,0.0,0.1,00:00:00,0.0,0.9,-0.7,54.0
2025-05-24 11:48:09.512,1.1,nan,0.0,0.1,00:00:00,0.0,0.9,-0.7,54.0
2025-05-24 11:48:10.511,1.1,nan,0.0,0.1,00:00:00,0.0,0.9,-0.7,54.0
2025-05-24 11:48:11.507,1.1,nan,0.0,0.1,00:00:00,0.0,0.9,-0.7,54.0
2025-05-24 11:48:12.509,1.1,nan,0.0,0.1,00:00:00,0.0,0.9,-0.7,54.0
2025-05-24 11:48:13.513,1.1,nan,0.0,0.1,00:00:00,0.0,0.9,-0.7,54.0
2025-05-24 11:48:14.505,1.1,nan,0.0,0.1,00:00:00,0.0,0.9,-0.7,54.0
2025-05-24 11:48:15.510,1.1,nan,0.0,0.1,00:00:00,0.0,0.9,-0.7,54.0
2025-05-24 11:48:16.506,1.1,nan,0.0,0.1,00:00:00,0.0,0.9,-0.7,54.0
2025-05-24 11:48:17.511,1.1,nan,0.0,0.1,00:00:00,0.0,0.9,-0.7,54.0
2025-05-24 11:48:18.509,1.1,nan,0.0,0.1,00:00:00,0.0,0.9,-0.7,54.0
2025-05-24 11:48:19.509,1.1,nan,0.0,0.1,00:00:00,0.0,0.9,-0.7,54.0
2025-05-24 11:48:20.505,1.1,nan,0.0,0.1,00:00:00,0.0,0.9,-0.7,54.0
2025-05-24 11:48:21.505,1.1,nan,0.0,0.1,00:00:00,0.0,0.9,-0.7,54.0
2025-05-24 11:48:22.509,1.1,nan,0.0,0.1,00:00:00,0.0,0.9,-0.7,54.0
2025-05-24 11:48:23.509,1.1,nan,0.0,0.1,00:00:00,0.0,0.9,-0.7,54.0
2025-05-24 11:48:24.508,1.1,nan,0.0,0.1,00:00:00,0.0,0.9,-0.7,54.0
2025-05-24 11:48:25.512,1.1,nan,0.0,0.1,00:00:00,0.0,0.9,-0.7,54.0
2025-05-24 11:48:26.505,1.1,nan,0.0,0.1,00:00:00,0.0,0.9,-0.7,54.0
2025-05-24 11:48:27.511,1.1,nan,0.0,0.1,00:00:00,0.0,0.9,-0.7,54.0
2025-05-24 11:48:28.509,1.1,nan,0.0,0.1,00:00:00,0.0,0.9,-0.7,54.0
2025-05-24 11:48:29.511,1.1,nan,0.0,0.1,00:00:00,0.0,0.9,-0.7,54.0
2025-05-24 11:48:30.509,1.1,nan,0.0,0.1,00:00:00,0.0,0.9,-0.7,54.0
2025-05-24 11:48:31.507,1.1,nan,0.0,0.1,00:00:00,0.0,0.9,-0.7,54.0
2025-05-24 11:48:32.509,1.1,nan,0.0,0.1,00:00:00,0.0,0.9,-0.7,54.0
2025-05-24 11:48:33.510,1.1,nan,0.0,0.1,00:00:00,0.0,0.9,-0.7,54.0
2025-05-24 11:48:34.512,1.1,nan,0.0,0.1,00:00:00,0.0,0.9,-0.7,54.0
2025-05-24 11:48:35.508,1.1,nan,0.0,0.1,00:00:00,0.0,0.9,-0.7,54.0
2025-05-24 11:48:36.512,1.1,nan,0.0,0.1,00:00:00,0.0,0.9,-0.7,54.0
2025-05-24 11:48:37.510,1.1,nan,0.0,0.1,00:00:00,0.0,0.9,-0.7,54.0
2025-05-24 11:48:38.508,1.1,nan,0.0,0.1,00:00:00,0.0,0.9,-0.7,54.0
2025-05-24 11:48:39.513,1.1,nan,0.0,0.1,00:00:00,0.0,0.9,-0.7,54.0
2025-05-24 11:48:40.507,1.1,nan,0.0,0.1,00:00:00,0.0,0.9,-0.7,54.0
2025-05-24 11:48:41.506,1.1,nan,0.0,0.1,00:00:00,0.0,0.9,-0.7,54.0
2025-05-24 11:48:42.505,1.1,nan,0.0,0.1,00:00:00,0.0,0.9,-0.7,54.0
2025-05-24 11:48:43.513,1.1,nan,0.0,0.1,00:00:00,0.0,0.9,-0.7,54.0
2025-05-24 11:48:44.507,1.1,nan,0.0,0.1,00:00:00,0.0,0.9,-0.7,54.0
2025-05-24 11:48:45.505,1.1,nan,0.0,0.1,00:00:00,0.0,0.9,-0.7,54.0
2025-05-24 11:48:46.512,1.1,nan,0.0,0.1,00:00:00,0.0,0.9,-0.7,54.0
2025-05-24 11:48:47.506,1.1,nan,0.0,0.1,00:00:00,0.0,0.9,-0.7,54.0
2025-05-24 11:48:48.510,1.1,nan,0.0,0.1,00:00:00,0.0,0.9,-0.7,54.0
2025-05-24 11:48:49.511,1.1,nan,0.0,0.1,00:00:00,0.0,0.9,-0.7,54.0
2025-05-24 11:48:50.512,1.1,nan,0.0,0.1,00:00:00,0.0,0.9,-0.7,54.0
2025-05-24 11:48:51.508,1.1,nan,0.0,0.1,00:00:00,0.0,0.9,-0.7,54.0
2025-05-24 11:48:52.512,1.1,nan,0.0,0.1,00:00:00,0.0,0.9,-0.7,54.0
2025-05-24 11:48:53.514,1.1,nan,0.0,0.1,00:00:00,0.0,0.9,-0.7,54.0
2025-05-24 11:48:54.511,1.1,nan,0.0,0.1,00:00:00,0.0,0.9,-0.7,54.0
2025-05-24 11:48:55.510,1.1,nan,0.0,0.1,00:00:00,0.0,0.9,-0.7,54.0
2025-05-24 11:48:56.506,1.1,nan,0.0,0.1,00:00:00,0.0,0.9,-0.7,54.0
2025-05-24 11:48:57.506,1.1,nan,0.0,0.1,00:00:00,0.0,0.9,-0.7,54.0
2025-05-24 11:48:58.506,1.1,nan,0.0,0.1,00:00:00,0.0,0.9,-0.7,54.0
2025-05-24 11:48:59.505,1.1,nan,0.0,0.1,00:00:00,0.0,0.9,-0.7,54.0
2025-05-24 11:49:00.512,1.1,nan,0.0,0.1,00:00:00,0.0,0.9,-0.7,54.0
2025-05-24 11:49:01.508,1.1,nan,0.0,0.1,00:00:00,0.0,0.9,-0.7,54.0
2025-05-24 11:49:02.510,1.1,nan,0.0,0.1,00:00:00,0.0,0.9,-0.7,54.0
2025-05-24 11:49:03.510,1.1,nan,0.0,0.1,00:00:00,0.0,0.9,-0.7,54.0
2025-05-24 11:49:04.506,1.1,nan,0.0,0.1,00:00:00,0.0,0.9,-0.7,54.0
2025-05-24 11:49:05.507,1.1,nan,0.0,0.1,00:00:00,0.0,0.9,-0.7,54.0
2025-05-24 11:49:06.506,1.1,nan,0.0,0.1,00:00:00,0.0,0.9,-0.7,54.0
2025-05-24 11:49:07.514,1.1,nan,0.0,0.1,00:00:00,0.0,0.9,-0.7,54.0
2025-05-24 11:49:08.507,1.1,nan,0.0,0.1,00:00:00,0.0,0.9,-0.7,54.0
2025-05-24 11:49:09.510,1.1,nan,0.0,0.1,00:00:00,0.0,0.9,-0.7,54.0
2025-05-24 11:49:10.508,1.1,nan,0.0,0.1,00:00:00,0.0,0.9,-0.7,54.0
2025-05-24 11:49:11.508,1.1,nan,0.0,0.1,00:00:00,0.0,0.9,-0.7,54.0
2025-05-24 11:49:12.505,1.1,nan,0.0,0.1,00:00:00,0.0,0.9,-0.7,54.0
2025-05-24 11:49:13.511,1.1,nan,0.0,0.1,00:00:00,0.0,0.9,-0.7,54.0
2025-05-24 11:49:14.514,1.1,nan,0.0,0.1,00:00:00,0.0,0.9,-0.7,54.0
2025-05-24 11:49:15.504,1.1,nan,0.0,0.1,00:00:00,0.0,0.9,-0.7,54.0
2025-05-24 11:49:16.505,1.1,nan,0.0,0.1,00:00:00,0.0,0.9,-0.7,54.0
2025-05-24 11:49:17.510,1.1,nan,0.0,0.1,00:00:00,0.0,0.9,-0.7,54.0
2025-05-24 11:49:18.510,1.1,nan,0.0,0.1,00:00:00,0.0,0.9,-0.7,54.0
2025-05-24 11:49:19.511,1.1,nan,0.0,0.1,00:00:00,0.0,0.9,-0.7,54.0
2025-05-24 11:49:20.506,1.1,nan,0.0,0.1,00:00:00,0.0,0.9,-0.7,54.0
2025-05-24 11:49:21.512,1.1,nan,0.0,0.1,00:00:00,0.0,0.9,-0.7,54.0
2025-05-24 11:49:22.509,1.1,nan,0.0,0.1,00:00:00,0.0,0.9,-0.7,54.0
2025-05-24 11:49:23.511,1.1,nan,0.0,0.1,00:00:00,0.0,0.9,-0.7,54.0
2025-05-24 11:49:24.513,1.1,nan,0.0,0.1,00:00:00,0.0,0.9,-0.7,54.0
2025-05-24 11:49:25.511,1.1,nan,0.0,0.1,00:00:00,0.0,0.9,-0.7,54.0
2025-05-24 11:49:26.511,1.1,nan,0.0,0.1,00:00:00,0.0,0.9,-0.7,54.0
2025-05-24 11:49:27.505,1.1,nan,0.0,0.1,00:00:00,0.0,0.9,-0.7,54.0
2025-05-24 11:49:28.506,1.1,nan,0.0,0.1,00:00:00,0.0,0.9,-0.7,54.0
2025-05-24 11:49:29.507,1.1,nan,0.0,0.1,00:00:00,0.0,0.9,-0.7,54.0
2025-05-24 11:49:30.514,1.1,nan,0.0,0.1,00:00:00,0.0,0.9,-0.7,54.0
2025-05-24 11:49:31.509,2.1,nan,-0.0,0.2,00:00:00,0.0,0.2,-0.4,35.0
2025-05-24 11:49:32.506,2.1,nan,-0.0,0.1,00:00:00,0.0,0.3,-0.5,35.0
2025-05-24 11:49:33.508,2.1,nan,0.0,0.0,00:00:00,0.0,0.3,-0.7,35.0
2025-05-24 11:49:34.509,2.2,nan,0.0,0.1,00:00:00,0.0,0.4,-0.8,35.0
2025-05-24 11:49:35.508,2.2,nan,0.0,0.2,00:00:00,0.0,0.4,-0.7,35.0
2025-05-24 11:49:36.504,2.2,nan,0.0,0.2,00:00:00,0.0,0.5,-0.8,35.0
2025-05-24 11:49:37.512,2.2,nan,0.0,0.2,00:00:00,0.0,0.5,-0.7,35.0
2025-05-24 11:49:38.508,2.2,nan,0.0,0.2,00:00:00,0.0,0.4,-0.7,35.0
2025-05-24 11:49:39.507,2.1,nan,0.0,0.1,00:00:00,0.0,0.3,-0.6,35.0
2025-05-24 11:49:40.508,2.2,nan,0.0,0.0,00:00:00,0.0,0.2,-0.5,35.0
2025-05-24 11:49:41.508,2.1,nan,-0.0,0.0,00:00:00,0.0,0.2,-0.5,35.0
2025-05-24 11:49:42.513,2.1,nan,-0.0,0.0,00:00:00,0.0,0.2,-0.5,35.0
2025-05-24 11:49:43.506,2.1,nan,-0.0,0.0,00:00:00,0.0,0.2,-0.5,36.0
2025-05-24 11:49:44.511,2.1,nan,0.0,0.1,00:00:00,0.0,0.3,-0.6,35.0
2025-05-24 11:49:45.508,2.1,nan,0.0,0.1,00:00:00,0.0,0.3,-0.5,36.0
2025-05-24 11:49:46.508,2.1,nan,0.0,0.1,00:00:00,0.0,0.3,-0.5,36.0
2025-05-24 11:49:47.510,2.1,nan,-0.0,0.1,00:00:00,0.0,0.3,-0.6,36.0
2025-05-24 11:49:48.511,2.1,nan,-0.0,0.2,00:00:00,0.0,0.3,-0.7,36.0
2025-05-24 11:49:49.507,2.1,nan,0.0,0.2,00:00:00,0.0,0.2,-0.7,36.0
2025-05-24 11:49:50.510,2.2,nan,0.0,0.2,00:00:00,0.0,0.2,-0.7,36.0
2025-05-24 11:49:51.510,2.1,nan,0.0,0.1,00:00:00,0.0,0.1,-0.6,36.0
2025-05-24 11:49:52.507,2.0,nan,0.0,0.1,00:00:00,0.0,0.0,-0.5,36.0
2025-05-24 11:49:53.507,2.0,nan,0.0,0.1,00:00:00,0.0,0.1,-0.5,36.0
2025-05-24 11:49:54.508,2.0,nan,0.0,0.1,00:00:00,0.0,0.1,-0.5,36.0
2025-05-24 11:49:55.505,2.0,nan,0.0,0.0,00:00:00,0.0,0.1,-0.5,36.0
2025-05-24 11:49:56.508,2.0,nan,0.0,0.1,00:00:00,0.0,-0.0,-0.5,36.0
2025-05-24 11:49:57.512,2.1,nan,0.0,0.1,00:00:00,0.0,0.0,-0.5,36.0
2025-05-24 11:49:58.515,2.0,nan,-0.0,0.0,00:00:00,0.0,0.1,-0.5,36.0
2025-05-24 11:49:59.506,2.0,nan,0.0,0.0,00:00:00,0.0,0.1,-0.5,36.0
2025-05-24 11:50:00.507,2.1,nan,0.0,0.0,00:00:00,0.0,0.1,-0.6,36.0
2025-05-24 11:50:01.512,2.1,nan,0.0,0.0,00:00:00,0.0,0.2,-0.6,36.0
2025-05-24 11:50:02.509,2.2,nan,0.0,0.1,00:00:00,0.0,0.2,-0.6,36.0
2025-05-24 11:50:03.511,2.2,nan,0.0,0.1,00:00:00,0.0,0.3,-0.7,36.0
2025-05-24 11:50:04.510,2.1,nan,-0.0,0.1,00:00:00,0.0,0.3,-0.6,36.0
2025-05-24 11:50:05.508,2.2,nan,0.0,0.1,00:00:00,0.0,0.3,-0.6,36.0
2025-05-24 11:50:06.505,2.2,nan,0.0,0.1,00:00:00,0.0,0.2,-0.6,36.0
2025-05-24 11:50:07.514,2.1,nan,-0.0,0.1,00:00:00,0.0,0.2,-0.6,36.0
2025-05-24 11:50:08.504,2.1,nan,0.0,0.1,00:00:00,0.0,0.3,-0.5,36.0
2025-05-24 11:50:09.508,2.0,nan,-0.0,0.0,00:00:00,0.0,0.3,-0.5,36.0
2025-05-24 11:50:10.510,2.0,nan,-0.0,0.0,00:00:00,0.0,0.3,-0.6,36.0
2025-05-24 11:50:11.507,1.9,nan,-0.0,0.0,00:00:00,0.0,0.4,-0.5,36.0
2025-05-24 11:50:12.506,1.8,nan,-0.0,0.1,00:00:00,0.0,0.3,-0.5,36.0
2025-05-24 11:50:13.511,1.8,nan,-0.0,0.1,00:00:00,0.0,0.3,-0.5,36.0
2025-05-24 11:50:14.514,1.9,nan,0.0,0.0,00:00:00,0.0,0.4,-0.5,36.0
2025-05-24 11:50:15.508,1.9,nan,0.0,0.0,00:00:00,0.0,0.4,-0.5,36.0
2025-05-24 11:50:16.506,1.9,nan,0.0,0.1,00:00:00,0.0,0.4,-0.5,36.0
2025-05-24 11:50:17.508,2.0,nan,0.0,0.1,00:00:00,0.0,0.4,-0.5,36.0
2025-05-24 11:50:18.508,2.0,nan,0.0,0.1,00:00:00,0.0,0.4,-0.5,36.0
2025-05-24 11:50:19.513,2.0,nan,0.0,0.1,00:00:00,0.0,0.3,-0.5,36.0
2025-05-24 11:50:20.510,2.0,nan,0.0,0.0,00:00:00,0.0,0.3,-0.5,36.0
2025-05-24 11:50:21.510,1.9,nan,-0.0,0.0,00:00:00,0.0,0.3,-0.5,36.0
2025-05-24 11:50:22.511,1.9,nan,-0.0,0.1,00:00:00,0.0,0.3,-0.5,36.0
2025-05-24 11:50:23.510,1.9,nan,-0.0,0.0,00:00:00,0.0,0.2,-0.5,36.0
2025-05-24 11:50:24.506,1.9,nan,-0.0,0.0,00:00:00,0.0,0.2,-0.5,36.0
2025-05-24 11:50:25.505,1.9,nan,-0.0,0.0,00:00:00,0.0,0.1,-0.5,36.0
2025-05-24 11:50:26.506,1.9,nan,0.0,0.0,00:00:00,0.0,0.1,-0.5,36.0
2025-05-24 11:50:27.507,1.9,nan,-0.0,0.0,00:00:00,0.0,0.0,-0.5,36.0
2025-05-24 11:50:28.506,1.9,nan,-0.0,0.0,00:00:00,0.0,0.1,-0.5,36.0
2025-05-24 11:50:29.509,1.8,nan,-0.0,0.1,00:00:00,0.0,0.2,-0.5,36.0
2025-05-24 11:50:30.511,1.8,nan,-0.0,0.1,00:00:00,0.0,0.2,-0.6,36.0
2025-05-24 11:50:31.509,1.8,nan,-0.0,0.1,00:00:00,0.0,0.2,-0.6,36.0
2025-05-24 11:50:32.508,1.9,nan,-0.0,0.1,00:00:00,0.0,0.2,-0.6,36.0
2025-05-24 11:50:33.514,1.9,nan,-0.0,0.1,00:00:00,0.0,0.2,-0.5,36.0
2025-05-24 11:50:34.511,1.9,nan,-0.0,0.1,00:00:00,0.0,0.1,-0.6,36.0
2025-05-24 11:50:35.504,1.9,nan,-0.0,0.1,00:00:00,0.0,0.1,-0.6,36.0
2025-05-24 11:50:36.509,1.9,nan,-0.0,0.1,00:00:00,0.0,0.1,-0.6,36.0
2025-05-24 11:50:37.505,1.9,nan,-0.0,0.1,00:00:00,0.0,0.1,-0.5,36.0
2025-05-24 11:50:38.506,1.8,nan,-0.0,0.1,00:00:00,0.0,0.1,-0.4,36.0
2025-05-24 11:50:39.509,1.8,nan,-0.0,0.1,00:00:00,0.0,0.1,-0.4,36.0
