2025-05-27 13:45:13.549,0.0,0.0,0.0,0.0,00:00:00,0.0,0.0,0.0,0.0
2025-05-27 13:45:14.548,0.0,0.0,0.0,0.0,00:00:00,0.0,0.0,0.0,0.0
2025-05-27 13:45:15.548,1.8,0.0,0.0,0.0,00:00:00,0.0,0.9,-0.9,210.0
2025-05-27 13:45:16.677,1.5,nan,-0.0,0.2,00:00:00,0.0,0.9,-0.8,210.0
2025-05-27 13:45:17.548,1.5,nan,-0.0,0.2,00:00:00,0.0,0.9,-0.9,210.0
2025-05-27 13:45:18.548,1.6,nan,-0.0,0.2,00:00:00,0.0,0.8,-0.9,210.0
2025-05-27 13:45:19.550,1.6,nan,-0.0,0.2,00:00:00,0.0,0.9,-0.8,210.0
2025-05-27 13:45:20.550,1.8,nan,-0.1,0.2,00:00:00,0.0,0.9,-0.8,210.0
2025-05-27 13:45:21.548,1.8,nan,-0.1,0.1,00:00:00,0.0,0.8,-0.8,209.0
2025-05-27 13:45:22.549,1.5,nan,-0.1,0.1,00:00:00,0.0,0.9,-0.8,209.0
2025-05-27 13:45:23.550,1.2,nan,-0.1,0.1,00:00:00,0.0,1.0,-0.8,209.0
2025-05-27 13:45:24.560,1.1,nan,-0.1,0.1,00:00:00,0.0,0.9,-0.8,209.0
2025-05-27 13:45:25.548,1.1,nan,-0.1,0.1,00:00:00,0.0,1.0,-0.8,209.0
2025-05-27 13:45:26.549,1.6,nan,-0.1,0.2,00:00:00,0.0,1.0,-0.9,209.0
2025-05-27 13:45:27.550,2.1,nan,-0.1,0.2,00:00:00,0.0,1.0,-0.9,209.0
2025-05-27 13:45:28.549,1.5,nan,-0.1,0.2,00:00:00,0.0,1.0,-0.8,209.0
2025-05-27 13:45:29.549,1.7,nan,-0.1,0.2,00:00:00,0.0,1.0,-0.8,209.0
2025-05-27 13:45:30.548,1.7,nan,-0.0,0.2,00:00:00,0.0,1.0,-0.8,209.0
2025-05-27 13:45:31.549,2.0,nan,-0.0,0.2,00:00:00,0.0,1.0,-0.8,209.0
2025-05-27 13:45:32.551,1.7,nan,-0.0,0.2,00:00:00,0.0,1.0,-0.8,209.0
2025-05-27 13:45:33.549,1.7,nan,-0.0,0.2,00:00:00,0.0,1.0,-0.8,209.0
2025-05-27 13:45:34.551,1.4,nan,-0.0,0.2,00:00:00,0.0,1.0,-0.8,209.0
2025-05-27 13:45:35.548,1.0,nan,-0.0,0.2,00:00:00,0.0,1.0,-0.8,209.0
2025-05-27 13:45:36.552,1.3,nan,-0.0,0.2,00:00:00,0.0,0.9,-0.8,209.0
2025-05-27 13:45:37.548,1.3,nan,-0.0,0.2,00:00:00,0.0,0.8,-0.8,209.0
2025-05-27 13:45:38.548,2.1,nan,-0.0,0.2,00:00:00,0.0,0.8,-0.8,209.0
2025-05-27 13:45:39.550,1.7,nan,-0.0,0.2,00:00:00,0.0,0.9,-0.8,209.0
2025-05-27 13:45:40.548,1.7,nan,-0.1,0.2,00:00:00,0.0,0.9,-0.8,209.0
2025-05-27 13:45:41.551,1.5,nan,-0.1,0.2,00:00:00,0.0,0.8,-0.8,209.0
2025-05-27 13:45:42.554,2.0,nan,-0.0,0.2,00:00:00,0.0,0.8,-0.8,208.0
2025-05-27 13:45:43.553,1.8,nan,-0.0,0.2,00:00:00,0.0,0.8,-0.8,208.0
2025-05-27 13:45:44.551,1.7,nan,-0.0,0.2,00:00:00,0.0,0.7,-0.8,208.0
2025-05-27 13:45:45.547,1.9,nan,-0.0,0.2,00:00:00,0.0,0.7,-0.8,208.0
2025-05-27 13:45:46.548,1.5,nan,-0.0,0.2,00:00:00,0.0,0.7,-0.8,208.0
2025-05-27 13:45:47.548,1.3,nan,-0.0,0.2,00:00:00,0.0,0.7,-0.8,208.0
2025-05-27 13:45:48.560,1.9,nan,-0.0,0.2,00:00:00,0.0,0.7,-0.8,208.0
2025-05-27 13:45:49.576,1.3,nan,-0.0,0.2,00:00:00,0.0,0.6,-0.8,208.0
2025-05-27 13:45:50.558,1.8,nan,-0.1,0.2,00:00:00,0.0,0.7,-0.7,208.0
2025-05-27 13:45:51.549,1.8,nan,-0.1,0.2,00:00:00,0.0,0.7,-0.7,208.0
2025-05-27 13:45:52.561,0.9,nan,-0.1,0.1,00:00:00,0.0,0.7,-0.7,208.0
2025-05-27 13:45:53.548,1.6,nan,-0.0,0.1,00:00:00,0.0,0.7,-0.6,208.0
2025-05-27 13:45:54.551,1.4,nan,-0.1,0.1,00:00:00,0.0,0.7,-0.6,208.0
2025-05-27 13:45:55.551,1.6,nan,-0.0,0.1,00:00:00,0.0,0.7,-0.7,208.0
2025-05-27 13:45:56.548,1.7,nan,-0.0,0.1,00:00:00,0.0,0.8,-0.7,208.0
2025-05-27 13:45:57.549,1.2,nan,-0.0,0.1,00:00:00,0.0,0.8,-0.8,208.0
2025-05-27 13:45:58.549,1.2,nan,-0.0,0.1,00:00:00,0.0,0.9,-0.8,208.0
2025-05-27 13:45:59.552,1.6,nan,-0.0,0.1,00:00:00,0.0,0.8,-0.8,208.0
2025-05-27 13:46:00.548,1.9,nan,-0.0,0.1,00:00:00,0.0,0.8,-0.8,208.0
2025-05-27 13:46:02.294,1.5,nan,-0.0,0.1,00:00:00,0.0,0.8,-0.8,208.0
2025-05-27 13:46:02.854,1.7,nan,-0.0,0.1,00:00:00,0.0,0.9,-0.8,208.0
2025-05-27 13:46:03.561,1.4,nan,-0.0,0.2,00:00:00,0.0,0.9,-0.8,208.0
2025-05-27 13:46:04.571,1.8,nan,-0.0,0.2,00:00:00,0.0,0.9,-0.8,208.0
2025-05-27 13:46:05.549,2.1,nan,-0.0,0.2,00:00:00,0.0,0.9,-0.8,208.0
2025-05-27 13:46:06.548,1.7,nan,-0.0,0.2,00:00:00,0.0,0.9,-0.8,208.0
2025-05-27 13:46:07.549,1.7,nan,-0.0,0.2,00:00:00,0.0,0.9,-0.8,208.0
2025-05-27 13:46:08.550,1.3,nan,-0.0,0.2,00:00:00,0.0,0.9,-0.8,208.0
2025-05-27 13:46:09.551,1.7,nan,-0.0,0.2,00:00:00,0.0,0.9,-0.8,207.0
2025-05-27 13:46:10.548,1.4,nan,0.0,0.2,00:00:00,0.0,0.9,-0.8,207.0
2025-05-27 13:46:11.550,1.8,nan,-0.0,0.2,00:00:00,0.0,0.9,-0.8,207.0
2025-05-27 13:46:12.550,1.7,nan,-0.0,0.2,00:00:00,0.0,0.9,-0.8,207.0
2025-05-27 13:46:13.579,1.7,nan,-0.0,0.1,00:00:00,0.0,0.8,-0.8,207.0
2025-05-27 13:46:14.550,2.2,nan,-0.0,0.1,00:00:00,0.0,0.9,-0.7,207.0
2025-05-27 13:46:15.549,1.8,nan,-0.0,0.1,00:00:00,0.0,0.8,-0.7,207.0
2025-05-27 13:46:16.551,2.2,nan,-0.0,0.1,00:00:00,0.0,0.7,-0.7,207.0
2025-05-27 13:46:17.549,1.5,nan,-0.0,0.1,00:00:00,0.0,0.7,-0.7,207.0
2025-05-27 13:46:18.548,1.7,nan,-0.0,0.1,00:00:00,0.0,0.7,-0.8,207.0
2025-05-27 13:46:19.548,1.7,nan,-0.0,0.1,00:00:00,0.0,0.7,-0.7,207.0
2025-05-27 13:46:20.550,1.4,nan,-0.0,0.1,00:00:00,0.0,0.8,-0.8,207.0
2025-05-27 13:46:21.549,2.0,nan,-0.1,0.2,00:00:00,0.0,0.8,-0.8,207.0
2025-05-27 13:46:22.550,1.9,nan,-0.0,0.2,00:00:00,0.0,0.8,-0.8,207.0
2025-05-27 13:46:23.551,1.7,nan,-0.0,0.2,00:00:00,0.0,0.8,-0.8,207.0
2025-05-27 13:46:24.549,1.7,nan,-0.0,0.2,00:00:00,0.0,0.8,-0.8,207.0
2025-05-27 13:46:25.551,1.0,nan,-0.0,0.2,00:00:00,0.0,0.9,-0.8,207.0
2025-05-27 13:46:26.571,2.1,nan,-0.0,0.2,00:00:00,0.0,0.9,-0.8,207.0
2025-05-27 13:46:27.551,1.6,nan,-0.0,0.1,00:00:00,0.0,0.8,-0.7,207.0
2025-05-27 13:46:28.550,1.9,nan,-0.0,0.1,00:00:00,0.0,0.8,-0.7,207.0
2025-05-27 13:46:29.549,1.9,nan,-0.0,0.1,00:00:00,0.0,0.8,-0.7,207.0
2025-05-27 13:46:30.549,2.2,nan,-0.0,0.1,00:00:00,0.0,0.9,-0.7,207.0
2025-05-27 13:46:31.548,1.5,nan,-0.0,0.1,00:00:00,0.0,0.9,-0.8,207.0
2025-05-27 13:46:32.552,1.8,nan,-0.1,0.1,00:00:00,0.0,0.9,-0.8,207.0
2025-05-27 13:46:33.548,1.3,nan,-0.1,0.2,00:00:00,0.0,0.9,-0.8,207.0
2025-05-27 13:46:34.548,1.8,nan,-0.1,0.2,00:00:00,0.0,0.9,-0.8,207.0
2025-05-27 13:46:35.548,1.9,nan,-0.1,0.2,00:00:00,0.0,0.8,-0.8,207.0
2025-05-27 13:46:36.547,1.5,nan,-0.1,0.2,00:00:00,0.0,0.8,-0.8,207.0
2025-05-27 13:46:37.547,1.3,nan,-0.1,0.2,00:00:00,0.0,0.8,-0.8,207.0
2025-05-27 13:46:38.549,1.8,nan,-0.1,0.2,00:00:00,0.0,0.8,-0.8,207.0
2025-05-27 13:46:39.555,2.0,nan,-0.1,0.2,00:00:00,0.0,0.7,-0.7,207.0
2025-05-27 13:46:40.547,1.5,nan,-0.1,0.2,00:00:00,0.0,0.7,-0.7,207.0
2025-05-27 13:46:41.551,1.8,nan,-0.1,0.1,00:00:00,0.0,0.6,-0.7,207.0
2025-05-27 13:46:42.548,1.8,nan,-0.1,0.1,00:00:00,0.0,0.6,-0.7,207.0
2025-05-27 13:46:43.547,1.8,nan,-0.0,0.1,00:00:00,0.0,0.6,-0.7,207.0
2025-05-27 13:46:44.548,1.4,nan,-0.1,0.1,00:00:00,0.0,0.7,-0.7,207.0
2025-05-27 13:46:45.549,1.4,nan,-0.1,0.1,00:00:00,0.0,0.7,-0.7,207.0
2025-05-27 13:46:46.548,1.8,nan,-0.1,0.1,00:00:00,0.0,0.6,-0.7,207.0
2025-05-27 13:46:47.548,1.5,nan,-0.1,0.1,00:00:00,0.0,0.7,-0.7,207.0
2025-05-27 13:46:48.554,1.6,nan,-0.1,0.1,00:00:00,0.0,0.7,-0.7,207.0
2025-05-27 13:46:49.633,1.6,nan,-0.0,0.1,00:00:00,0.0,0.7,-0.7,207.0
2025-05-27 13:46:50.548,1.9,nan,-0.0,0.1,00:00:00,0.0,0.7,-0.8,207.0
2025-05-27 13:46:51.562,2.1,nan,-0.1,0.1,00:00:00,0.0,0.8,-0.8,207.0
2025-05-27 13:46:52.557,1.1,nan,-0.1,0.1,00:00:00,0.0,0.8,-0.8,207.0
2025-05-27 13:46:53.547,1.4,nan,-0.1,0.1,00:00:00,0.0,0.8,-0.7,207.0
2025-05-27 13:46:54.548,2.0,nan,-0.1,0.1,00:00:00,0.0,0.8,-0.7,207.0
2025-05-27 13:46:55.551,1.9,nan,-0.0,0.1,00:00:00,0.0,0.7,-0.7,207.0
2025-05-27 13:46:56.549,2.3,nan,-0.0,0.1,00:00:00,0.0,0.8,-0.7,207.0
2025-05-27 13:46:57.548,1.2,nan,-0.0,0.1,00:00:00,0.0,0.8,-0.7,207.0
2025-05-27 13:46:58.551,1.7,nan,-0.0,0.1,00:00:00,0.0,0.8,-0.6,207.0
2025-05-27 13:46:59.549,1.6,nan,-0.0,0.1,00:00:00,0.0,0.8,-0.7,207.0
2025-05-27 13:47:00.549,1.4,nan,-0.0,0.1,00:00:00,0.0,0.8,-0.7,207.0
2025-05-27 13:47:01.549,1.1,nan,-0.1,0.1,00:00:00,0.0,0.8,-0.8,207.0
2025-05-27 13:47:02.550,1.9,nan,-0.1,0.1,00:00:00,0.0,0.8,-0.7,207.0
2025-05-27 13:47:03.552,1.6,nan,-0.1,0.1,00:00:00,0.0,0.8,-0.8,207.0
2025-05-27 13:47:04.549,1.4,nan,-0.1,0.1,00:00:00,0.0,0.8,-0.8,207.0
2025-05-27 13:47:05.547,1.6,nan,-0.1,0.1,00:00:00,0.0,0.8,-0.7,207.0
2025-05-27 13:47:06.548,1.0,nan,-0.1,0.1,00:00:00,0.0,0.7,-0.7,207.0
2025-05-27 13:47:07.548,1.1,nan,-0.1,0.1,00:00:00,0.0,0.7,-0.7,207.0
2025-05-27 13:47:08.552,1.7,nan,-0.1,0.1,00:00:00,0.0,0.7,-0.7,207.0
2025-05-27 13:47:09.554,1.6,nan,-0.1,0.1,00:00:00,0.0,0.7,-0.7,207.0
2025-05-27 13:47:10.549,2.1,nan,-0.1,0.1,00:00:00,0.0,0.7,-0.7,207.0
2025-05-27 13:47:11.550,1.7,nan,-0.1,0.1,00:00:00,0.0,0.7,-0.7,207.0
2025-05-27 13:47:12.549,1.8,nan,-0.1,0.1,00:00:00,0.0,0.8,-0.7,207.0
2025-05-27 13:47:13.548,2.4,nan,-0.1,0.1,00:00:00,0.0,0.7,-0.7,207.0
2025-05-27 13:47:14.549,1.6,nan,-0.1,0.1,00:00:00,0.0,0.7,-0.6,207.0
2025-05-27 13:47:15.549,1.5,nan,-0.1,0.1,00:00:00,0.0,0.7,-0.7,207.0
2025-05-27 13:47:16.549,1.5,nan,-0.0,0.1,00:00:00,0.0,0.7,-0.7,207.0
2025-05-27 13:47:17.549,1.2,nan,-0.0,0.1,00:00:00,0.0,0.7,-0.7,207.0
2025-05-27 13:47:18.551,2.3,nan,-0.0,0.1,00:00:00,0.0,0.6,-0.8,207.0
2025-05-27 13:47:19.550,2.1,nan,-0.0,0.2,00:00:00,0.0,0.6,-0.8,207.0
2025-05-27 13:47:20.547,1.7,nan,-0.0,0.2,00:00:00,0.0,0.6,-0.7,207.0
2025-05-27 13:47:21.548,1.7,nan,-0.0,0.2,00:00:00,0.0,0.7,-0.8,207.0
2025-05-27 13:47:22.547,1.7,nan,-0.0,0.2,00:00:00,0.0,0.6,-0.8,207.0
2025-05-27 13:47:23.561,1.6,nan,-0.0,0.2,00:00:00,0.0,0.7,-0.8,207.0
2025-05-27 13:47:24.548,1.9,nan,-0.0,0.2,00:00:00,0.0,0.7,-0.8,207.0
2025-05-27 13:47:25.547,2.3,nan,-0.0,0.2,00:00:00,0.0,0.7,-0.8,207.0
2025-05-27 13:47:26.552,2.5,nan,-0.0,0.1,00:00:00,0.0,0.7,-0.8,206.0
2025-05-27 13:47:27.548,1.6,nan,-0.0,0.1,00:00:00,0.0,0.7,-0.8,206.0
2025-05-27 13:47:28.547,2.2,nan,-0.0,0.1,00:00:00,0.0,0.7,-0.7,206.0
2025-05-27 13:47:29.547,2.3,nan,-0.0,0.1,00:00:00,0.0,0.7,-0.7,206.0
2025-05-27 13:47:30.548,1.7,nan,-0.0,0.1,00:00:00,0.0,0.7,-0.7,207.0
2025-05-27 13:47:31.552,1.7,nan,-0.0,0.1,00:00:00,0.0,0.7,-0.7,207.0
2025-05-27 13:47:32.548,2.1,nan,-0.0,0.1,00:00:00,0.0,0.7,-0.6,206.0
2025-05-27 13:47:33.547,2.3,nan,-0.0,0.1,00:00:00,0.0,0.6,-0.7,207.0
2025-05-27 13:47:34.549,1.4,nan,-0.0,0.1,00:00:00,0.0,0.7,-0.6,207.0
2025-05-27 13:47:35.552,1.5,nan,-0.0,0.1,00:00:00,0.0,0.7,-0.7,207.0
2025-05-27 13:47:36.549,1.7,nan,-0.0,0.1,00:00:00,0.0,0.8,-0.7,207.0
2025-05-27 13:47:37.551,2.3,nan,-0.0,0.1,00:00:00,0.0,0.8,-0.7,207.0
2025-05-27 13:47:38.547,2.1,nan,-0.0,0.1,00:00:00,0.0,0.9,-0.7,207.0
2025-05-27 13:47:39.547,1.9,nan,-0.0,0.1,00:00:00,0.0,0.9,-0.7,207.0
2025-05-27 13:47:40.550,1.7,nan,-0.0,0.1,00:00:00,0.0,1.0,-0.7,207.0
2025-05-27 13:47:41.547,1.9,nan,-0.0,0.1,00:00:00,0.0,1.0,-0.7,207.0
2025-05-27 13:47:42.558,1.4,nan,-0.0,0.1,00:00:00,0.0,0.9,-0.7,207.0
2025-05-27 13:47:43.548,1.6,nan,-0.0,0.1,00:00:00,0.0,0.9,-0.8,207.0
2025-05-27 13:47:44.552,1.8,nan,-0.0,0.1,00:00:00,0.0,0.9,-0.9,207.0
2025-05-27 13:47:45.552,2.2,nan,-0.0,0.1,00:00:00,0.0,0.8,-0.9,207.0
2025-05-27 13:47:46.549,1.8,nan,-0.0,0.2,00:00:00,0.0,0.8,-0.9,207.0
2025-05-27 13:47:47.552,1.5,nan,-0.0,0.2,00:00:00,0.0,0.7,-0.9,207.0
2025-05-27 13:47:48.547,2.1,nan,-0.0,0.2,00:00:00,0.0,0.7,-0.9,207.0
2025-05-27 13:47:49.573,2.1,nan,-0.1,0.2,00:00:00,0.0,0.8,-0.8,207.0
2025-05-27 13:47:50.548,1.4,nan,-0.1,0.2,00:00:00,0.0,0.8,-0.8,207.0
2025-05-27 13:47:51.551,1.9,nan,-0.1,0.1,00:00:00,0.0,0.8,-0.8,207.0
2025-05-27 13:47:52.547,1.7,nan,-0.1,0.1,00:00:00,0.0,0.8,-0.7,207.0
2025-05-27 13:47:53.548,1.7,nan,-0.1,0.1,00:00:00,0.0,0.9,-0.7,207.0
2025-05-27 13:47:54.552,1.5,nan,-0.1,0.1,00:00:00,0.0,0.9,-0.7,207.0
2025-05-27 13:47:55.550,1.6,nan,-0.1,0.1,00:00:00,0.0,0.8,-0.7,207.0
2025-05-27 13:47:56.547,1.6,nan,-0.1,0.1,00:00:00,0.0,0.8,-0.8,207.0
2025-05-27 13:47:57.550,1.5,nan,-0.1,0.1,00:00:00,0.0,0.8,-0.8,207.0
2025-05-27 13:47:58.560,2.1,nan,-0.1,0.1,00:00:00,0.0,0.8,-0.8,207.0
2025-05-27 13:47:59.550,1.9,nan,-0.1,0.1,00:00:00,0.0,0.8,-0.8,207.0
2025-05-27 13:48:00.550,2.0,nan,-0.1,0.1,00:00:00,0.0,0.8,-0.8,207.0
2025-05-27 13:48:01.551,1.6,nan,-0.1,0.1,00:00:00,0.0,0.9,-0.7,207.0
2025-05-27 13:48:02.547,2.3,nan,-0.1,0.1,00:00:00,0.0,0.9,-0.7,207.0
2025-05-27 13:48:03.567,1.7,nan,-0.0,0.1,00:00:00,0.0,0.9,-0.7,207.0
2025-05-27 13:48:04.549,2.2,nan,-0.0,0.1,00:00:00,0.0,0.9,-0.8,207.0
2025-05-27 13:48:05.551,1.8,nan,-0.0,0.1,00:00:00,0.0,1.0,-0.8,207.0
2025-05-27 13:48:06.550,1.6,nan,-0.0,0.1,00:00:00,0.0,0.9,-0.8,207.0
2025-05-27 13:48:07.547,2.0,nan,-0.0,0.1,00:00:00,0.0,0.9,-0.8,207.0
2025-05-27 13:48:08.548,2.1,nan,-0.0,0.1,00:00:00,0.0,0.9,-0.8,207.0
2025-05-27 13:48:09.548,1.8,nan,-0.0,0.1,00:00:00,0.0,0.8,-0.8,207.0
2025-05-27 13:48:10.547,1.7,nan,-0.0,0.1,00:00:00,0.0,0.8,-0.8,207.0
2025-05-27 13:48:11.549,1.6,nan,-0.1,0.1,00:00:00,0.0,0.7,-0.7,207.0
2025-05-27 13:48:12.552,1.9,nan,-0.1,0.1,00:00:00,0.0,0.7,-0.7,207.0
2025-05-27 13:48:13.547,2.3,nan,-0.1,0.1,00:00:00,0.0,0.7,-0.7,207.0
2025-05-27 13:48:14.549,2.6,nan,-0.0,0.1,00:00:00,0.0,0.8,-0.8,207.0
2025-05-27 13:48:15.550,2.2,nan,-0.0,0.1,00:00:00,0.0,0.8,-0.8,207.0
2025-05-27 13:48:16.548,2.0,nan,-0.0,0.1,00:00:00,0.0,0.8,-0.8,207.0
2025-05-27 13:48:17.550,2.0,nan,-0.0,0.1,00:00:00,0.0,0.8,-0.8,207.0
2025-05-27 13:48:18.549,2.4,nan,-0.0,0.1,00:00:00,0.0,0.8,-0.8,207.0
2025-05-27 13:48:19.547,2.3,nan,-0.0,0.1,00:00:00,0.0,0.8,-0.8,207.0
2025-05-27 13:48:20.549,2.0,nan,-0.0,0.1,00:00:00,0.0,0.9,-0.8,207.0
2025-05-27 13:48:21.549,2.5,nan,-0.0,0.1,00:00:00,0.0,0.9,-0.8,207.0
2025-05-27 13:48:22.547,2.2,nan,-0.0,0.1,00:00:00,0.0,0.9,-0.8,207.0
2025-05-27 13:48:23.547,2.0,nan,-0.0,0.1,00:00:00,0.0,0.9,-0.7,207.0
2025-05-27 13:48:24.548,2.0,nan,-0.0,0.1,00:00:00,0.0,0.9,-0.7,207.0
2025-05-27 13:48:25.548,2.7,nan,-0.1,0.1,00:00:00,0.0,0.9,-0.7,207.0
2025-05-27 13:48:26.552,1.5,nan,-0.0,0.1,00:00:00,0.0,0.9,-0.6,207.0
2025-05-27 13:48:27.547,1.6,nan,-0.0,0.1,00:00:00,0.0,0.9,-0.6,207.0
2025-05-27 13:48:28.549,2.0,nan,-0.0,0.1,00:00:00,0.0,0.9,-0.6,207.0
2025-05-27 13:48:29.551,2.0,nan,-0.0,0.1,00:00:00,0.0,0.9,-0.6,207.0
2025-05-27 13:48:30.548,2.0,nan,-0.0,0.1,00:00:00,0.0,0.9,-0.6,207.0
2025-05-27 13:48:31.548,2.0,nan,-0.0,0.1,00:00:00,0.0,0.9,-0.6,207.0
2025-05-27 13:48:32.549,2.0,nan,-0.0,0.1,00:00:00,0.0,0.9,-0.6,207.0
2025-05-27 13:48:33.547,2.0,nan,-0.0,0.1,00:00:00,0.0,0.9,-0.6,207.0
2025-05-27 13:48:34.548,2.0,nan,-0.0,0.1,00:00:00,0.0,0.9,-0.6,207.0
2025-05-27 13:48:35.548,2.0,nan,-0.0,0.1,00:00:00,0.0,0.9,-0.6,207.0
2025-05-27 13:48:36.549,2.0,nan,-0.0,0.1,00:00:00,0.0,0.9,-0.6,207.0
2025-05-27 13:48:37.548,2.0,nan,-0.0,0.1,00:00:00,0.0,0.9,-0.6,207.0
2025-05-27 13:48:38.550,2.0,nan,-0.0,0.1,00:00:00,0.0,0.9,-0.6,207.0
2025-05-27 13:48:39.548,2.0,nan,-0.0,0.1,00:00:00,0.0,0.9,-0.6,207.0
2025-05-27 13:48:40.553,2.0,nan,-0.0,0.1,00:00:00,0.0,0.9,-0.6,207.0
2025-05-27 13:48:41.548,2.0,nan,-0.0,0.1,00:00:00,0.0,0.9,-0.6,207.0
2025-05-27 13:48:42.551,2.0,nan,-0.0,0.1,00:00:00,0.0,0.9,-0.6,207.0
2025-05-27 13:48:43.552,2.0,nan,-0.0,0.1,00:00:00,0.0,0.9,-0.6,207.0
2025-05-27 13:48:44.575,1.4,nan,-0.1,0.1,00:00:00,0.0,0.9,-0.8,207.0
2025-05-27 13:48:45.551,1.6,nan,-0.1,0.1,00:00:00,0.0,0.9,-0.8,207.0
2025-05-27 13:48:46.548,1.4,nan,-0.1,0.1,00:00:00,0.0,0.9,-0.8,207.0
2025-05-27 13:48:47.551,1.5,nan,-0.1,0.1,00:00:00,0.0,0.9,-0.8,207.0
2025-05-27 13:48:48.547,1.5,nan,-0.0,0.1,00:00:00,0.0,0.9,-0.7,207.0
2025-05-27 13:48:49.550,1.3,nan,-0.1,0.1,00:00:00,0.0,0.9,-0.7,207.0
2025-05-27 13:48:50.549,1.4,nan,-0.1,0.1,00:00:00,0.0,0.9,-0.7,207.0
2025-05-27 13:48:51.549,2.4,nan,-0.1,0.1,00:00:00,0.0,0.9,-0.7,207.0
2025-05-27 13:48:52.549,1.4,nan,-0.0,0.1,00:00:00,0.0,0.9,-0.7,207.0
2025-05-27 13:48:53.548,1.6,nan,-0.0,0.1,00:00:00,0.0,0.9,-0.7,207.0
2025-05-27 13:48:54.548,1.8,nan,-0.0,0.1,00:00:00,0.0,0.9,-0.7,207.0
2025-05-27 13:48:55.549,1.6,nan,-0.0,0.1,00:00:00,0.0,0.8,-0.7,207.0
2025-05-27 13:48:56.550,2.1,nan,-0.0,0.1,00:00:00,0.0,0.8,-0.7,207.0
2025-05-27 13:48:57.548,1.2,nan,0.0,0.1,00:00:00,0.0,0.8,-0.7,207.0
2025-05-27 13:48:58.548,1.8,nan,0.0,0.1,00:00:00,0.0,0.8,-0.7,207.0
2025-05-27 13:48:59.547,2.4,nan,0.0,0.1,00:00:00,0.0,0.9,-0.7,207.0
2025-05-27 13:49:00.550,2.0,nan,0.0,0.1,00:00:00,0.0,0.8,-0.7,207.0
2025-05-27 13:49:01.550,2.5,nan,0.0,0.1,00:00:00,0.0,0.8,-0.7,207.0
2025-05-27 13:49:02.548,2.0,nan,0.0,0.1,00:00:00,0.0,0.8,-0.7,207.0
2025-05-27 13:49:03.551,2.1,nan,0.0,0.1,00:00:00,0.0,0.8,-0.7,207.0
2025-05-27 13:49:04.547,1.9,nan,0.0,0.1,00:00:00,0.0,0.8,-0.7,207.0
2025-05-27 13:49:05.579,2.1,nan,0.0,0.1,00:00:00,0.0,0.8,-0.6,207.0
2025-05-27 13:49:06.548,2.3,nan,0.0,0.1,00:00:00,0.0,0.8,-0.6,207.0
2025-05-27 13:49:07.550,2.4,nan,0.0,0.1,00:00:00,0.0,0.7,-0.7,207.0
2025-05-27 13:49:08.550,1.9,nan,0.0,0.1,00:00:00,0.0,0.7,-0.6,207.0
2025-05-27 13:49:09.551,1.4,nan,0.0,0.1,00:00:00,0.0,0.7,-0.7,207.0
2025-05-27 13:49:10.548,1.9,nan,0.0,0.1,00:00:00,0.0,0.7,-0.7,207.0
2025-05-27 13:49:11.551,1.5,nan,0.0,0.1,00:00:00,0.0,0.7,-0.7,207.0
2025-05-27 13:49:12.549,2.2,nan,-0.0,0.1,00:00:00,0.0,0.7,-0.6,207.0
2025-05-27 13:49:13.561,2.4,nan,-0.0,0.1,00:00:00,0.0,0.7,-0.7,207.0
2025-05-27 13:49:14.549,2.3,nan,-0.0,0.1,00:00:00,0.0,0.7,-0.6,207.0
2025-05-27 13:49:15.549,2.2,nan,-0.0,0.1,00:00:00,0.0,0.7,-0.6,207.0
2025-05-27 13:49:16.564,2.5,nan,-0.0,0.1,00:00:00,0.0,0.8,-0.6,207.0
2025-05-27 13:49:17.547,1.8,nan,-0.0,0.1,00:00:00,0.0,0.8,-0.6,207.0
2025-05-27 13:49:18.552,1.9,nan,-0.0,0.1,00:00:00,0.0,0.8,-0.6,207.0
2025-05-27 13:49:19.552,1.8,nan,-0.0,0.1,00:00:00,0.0,0.9,-0.6,207.0
2025-05-27 13:49:20.552,2.5,nan,-0.1,0.1,00:00:00,0.0,0.9,-0.7,207.0
2025-05-27 13:49:21.547,1.7,nan,-0.1,0.1,00:00:00,0.0,1.0,-0.7,207.0
2025-05-27 13:49:22.549,2.2,nan,-0.1,0.2,00:00:00,0.0,0.9,-0.7,207.0
2025-05-27 13:49:23.548,2.4,nan,-0.1,0.1,00:00:00,0.0,0.9,-0.7,207.0
2025-05-27 13:49:24.550,2.3,nan,-0.1,0.1,00:00:00,0.0,0.9,-0.7,207.0
2025-05-27 13:49:25.550,2.1,nan,-0.0,0.1,00:00:00,0.0,0.9,-0.7,207.0
2025-05-27 13:49:26.548,1.9,nan,-0.0,0.1,00:00:00,0.0,0.9,-0.8,207.0
2025-05-27 13:49:27.556,1.9,nan,-0.0,0.1,00:00:00,0.0,0.9,-0.8,207.0
2025-05-27 13:49:28.552,1.8,nan,-0.0,0.1,00:00:00,0.0,1.0,-0.8,207.0
2025-05-27 13:49:29.551,2.0,nan,-0.0,0.1,00:00:00,0.0,1.0,-0.7,207.0
2025-05-27 13:49:30.550,1.9,nan,-0.0,0.1,00:00:00,0.0,1.0,-0.7,207.0
2025-05-27 13:49:31.549,2.3,nan,-0.0,0.1,00:00:00,0.0,1.0,-0.7,207.0
2025-05-27 13:49:32.548,2.0,nan,-0.0,0.2,00:00:00,0.0,0.9,-0.7,207.0
2025-05-27 13:49:33.552,2.0,nan,-0.0,0.1,00:00:00,0.0,0.9,-0.7,207.0
2025-05-27 13:49:34.550,1.9,nan,-0.0,0.1,00:00:00,0.0,0.9,-0.7,207.0
2025-05-27 13:49:35.548,1.4,nan,-0.0,0.1,00:00:00,0.0,0.9,-0.7,207.0
2025-05-27 13:49:36.549,1.5,nan,-0.0,0.1,00:00:00,0.0,0.9,-0.8,208.0
2025-05-27 13:49:37.570,2.3,nan,-0.0,0.1,00:00:00,0.0,1.0,-0.8,208.0
2025-05-27 13:49:38.547,2.0,nan,-0.0,0.1,00:00:00,0.0,1.0,-0.8,207.0
2025-05-27 13:49:39.549,2.0,nan,-0.0,0.2,00:00:00,0.0,1.0,-0.8,208.0
2025-05-27 13:49:40.551,2.0,nan,-0.0,0.2,00:00:00,0.0,1.0,-0.8,208.0
2025-05-27 13:49:41.551,2.3,nan,-0.1,0.2,00:00:00,0.0,1.0,-0.8,208.0
2025-05-27 13:49:42.550,2.1,nan,-0.0,0.2,00:00:00,0.0,1.0,-0.7,208.0
2025-05-27 13:49:43.547,2.1,nan,-0.0,0.2,00:00:00,0.0,1.0,-0.7,208.0
2025-05-27 13:49:44.549,1.8,nan,-0.0,0.1,00:00:00,0.0,1.0,-0.7,208.0
2025-05-27 13:49:45.547,1.4,nan,-0.0,0.1,00:00:00,0.0,0.9,-0.7,208.0
2025-05-27 13:49:46.550,1.5,nan,-0.1,0.1,00:00:00,0.0,0.9,-0.7,208.0
2025-05-27 13:49:47.549,1.6,nan,-0.1,0.1,00:00:00,0.0,0.9,-0.7,208.0
2025-05-27 13:49:48.548,1.1,nan,-0.1,0.1,00:00:00,0.0,0.8,-0.7,208.0
2025-05-27 13:49:49.548,1.9,nan,-0.1,0.1,00:00:00,0.0,0.8,-0.7,208.0
2025-05-27 13:49:50.556,1.0,nan,-0.1,0.1,00:00:00,0.0,0.9,-0.7,208.0
2025-05-27 13:49:51.547,1.6,nan,-0.1,0.1,00:00:00,0.0,0.9,-0.8,208.0
2025-05-27 13:49:52.547,0.9,nan,-0.0,0.1,00:00:00,0.0,0.9,-0.8,208.0
2025-05-27 13:49:53.562,1.9,nan,-0.0,0.1,00:00:00,0.0,1.0,-0.8,208.0
2025-05-27 13:49:54.548,1.7,nan,-0.0,0.2,00:00:00,0.0,1.0,-0.8,208.0
2025-05-27 13:49:55.550,1.4,nan,-0.0,0.2,00:00:00,0.0,1.0,-0.7,208.0
2025-05-27 13:49:56.549,1.7,nan,-0.0,0.2,00:00:00,0.0,1.1,-0.8,208.0
2025-05-27 13:49:57.548,1.9,nan,-0.0,0.2,00:00:00,0.0,1.1,-0.7,208.0
2025-05-27 13:49:58.548,1.6,nan,-0.1,0.2,00:00:00,0.0,1.1,-0.8,208.0
2025-05-27 13:49:59.549,1.9,nan,-0.1,0.2,00:00:00,0.0,1.1,-0.8,208.0
2025-05-27 13:50:00.548,1.1,nan,-0.1,0.2,00:00:00,0.0,1.0,-0.7,208.0
2025-05-27 13:50:01.547,0.9,nan,-0.0,0.2,00:00:00,0.0,1.0,-0.6,208.0
2025-05-27 13:50:02.548,1.4,nan,-0.1,0.1,00:00:00,0.0,0.9,-0.6,208.0
2025-05-27 13:50:03.576,1.5,nan,-0.0,0.1,00:00:00,0.0,0.8,-0.6,208.0
2025-05-27 13:50:04.547,1.6,nan,-0.0,0.1,00:00:00,0.0,0.8,-0.6,208.0
2025-05-27 13:50:05.549,2.0,nan,-0.0,0.1,00:00:00,0.0,0.8,-0.7,208.0
2025-05-27 13:50:06.548,1.5,nan,-0.0,0.1,00:00:00,0.0,0.8,-0.7,208.0
2025-05-27 13:50:07.550,1.2,nan,0.0,0.1,00:00:00,0.0,0.8,-0.7,208.0
2025-05-27 13:50:08.549,1.6,nan,0.0,0.1,00:00:00,0.0,0.9,-0.7,208.0
2025-05-27 13:50:09.551,1.6,nan,0.0,0.1,00:00:00,0.0,0.8,-0.7,208.0
2025-05-27 13:50:10.548,1.4,nan,0.0,0.1,00:00:00,0.0,0.9,-0.7,208.0
2025-05-27 13:50:11.550,2.5,nan,0.0,0.1,00:00:00,0.0,0.9,-0.7,208.0
2025-05-27 13:50:12.548,2.3,nan,0.0,0.1,00:00:00,0.0,0.9,-0.7,208.0
2025-05-27 13:50:13.547,1.8,nan,0.0,0.1,00:00:00,0.0,0.9,-0.7,208.0
2025-05-27 13:50:14.548,2.1,nan,0.0,0.1,00:00:00,0.0,0.9,-0.8,208.0
2025-05-27 13:50:15.549,2.1,nan,0.0,0.1,00:00:00,0.0,0.9,-0.8,208.0
2025-05-27 13:50:16.552,1.8,nan,0.0,0.2,00:00:00,0.0,0.9,-0.8,208.0
2025-05-27 13:50:17.548,1.8,nan,0.0,0.2,00:00:00,0.0,0.9,-0.7,208.0
2025-05-27 13:50:18.568,1.3,nan,0.0,0.2,00:00:00,0.0,0.9,-0.7,208.0
2025-05-27 13:50:19.547,1.9,nan,-0.0,0.1,00:00:00,0.0,0.9,-0.7,208.0
2025-05-27 13:50:20.548,1.2,nan,0.0,0.1,00:00:00,0.0,0.9,-0.7,208.0
2025-05-27 13:50:21.549,1.9,nan,-0.0,0.1,00:00:00,0.0,0.8,-0.7,208.0
2025-05-27 13:50:22.549,2.0,nan,-0.0,0.1,00:00:00,0.0,0.8,-0.6,208.0
2025-05-27 13:50:23.547,1.8,nan,-0.0,0.1,00:00:00,0.0,0.8,-0.6,208.0
2025-05-27 13:50:24.547,1.2,nan,-0.0,0.1,00:00:00,0.0,0.8,-0.6,208.0
2025-05-27 13:50:25.560,1.1,nan,-0.0,0.1,00:00:00,0.0,0.8,-0.6,208.0
2025-05-27 13:50:26.547,1.1,nan,-0.0,0.1,00:00:00,0.0,0.7,-0.6,208.0
2025-05-27 13:50:27.548,0.6,nan,-0.0,0.1,00:00:00,0.0,0.8,-0.6,208.0
2025-05-27 13:50:28.548,1.6,nan,-0.1,0.1,00:00:00,0.0,0.8,-0.6,208.0
2025-05-27 13:50:29.548,1.2,nan,-0.1,0.1,00:00:00,0.0,0.9,-0.6,208.0
2025-05-27 13:50:30.551,1.1,nan,-0.1,0.1,00:00:00,0.0,0.8,-0.6,208.0
2025-05-27 13:50:31.565,1.1,nan,-0.1,0.1,00:00:00,0.0,0.8,-0.7,208.0
2025-05-27 13:50:32.561,1.2,nan,-0.1,0.1,00:00:00,0.0,0.8,-0.7,208.0
2025-05-27 13:50:33.550,1.3,nan,-0.1,0.1,00:00:00,0.0,0.8,-0.6,208.0
2025-05-27 13:50:34.547,1.0,nan,-0.1,0.1,00:00:00,0.0,0.8,-0.6,208.0
2025-05-27 13:50:35.563,0.8,nan,-0.1,0.1,00:00:00,0.0,0.8,-0.6,208.0
2025-05-27 13:50:36.563,1.3,nan,-0.1,0.1,00:00:00,0.0,0.9,-0.6,208.0
2025-05-27 13:50:37.566,0.7,nan,-0.1,0.1,00:00:00,0.0,0.9,-0.6,208.0
2025-05-27 13:50:38.565,1.7,nan,-0.1,0.1,00:00:00,0.0,0.8,-0.6,208.0
2025-05-27 13:50:39.567,1.5,nan,-0.0,0.1,00:00:00,0.0,0.9,-0.7,208.0
2025-05-27 13:50:40.564,1.5,nan,-0.0,0.1,00:00:00,0.0,0.9,-0.7,208.0
2025-05-27 13:50:41.564,1.4,nan,-0.0,0.1,00:00:00,0.0,0.9,-0.7,208.0
2025-05-27 13:50:42.563,1.1,nan,-0.0,0.1,00:00:00,0.0,0.9,-0.7,208.0
2025-05-27 13:50:43.566,0.9,nan,-0.0,0.1,00:00:00,0.0,0.9,-0.7,208.0
2025-05-27 13:50:44.566,1.6,nan,-0.0,0.1,00:00:00,0.0,0.9,-0.7,208.0
2025-05-27 13:50:45.564,1.2,nan,-0.0,0.1,00:00:00,0.0,0.9,-0.6,208.0
2025-05-27 13:50:46.567,1.6,nan,-0.0,0.1,00:00:00,0.0,0.9,-0.6,208.0
2025-05-27 13:50:47.568,1.4,nan,-0.0,0.1,00:00:00,0.0,0.8,-0.6,208.0
2025-05-27 13:50:48.569,1.5,nan,-0.0,0.1,00:00:00,0.0,0.8,-0.6,208.0
2025-05-27 13:50:49.566,1.1,nan,-0.0,0.1,00:00:00,0.0,0.8,-0.6,208.0
2025-05-27 13:50:50.564,0.9,nan,-0.0,0.1,00:00:00,0.0,0.8,-0.6,208.0
2025-05-27 13:50:51.566,1.5,nan,-0.0,0.1,00:00:00,0.0,0.8,-0.6,208.0
2025-05-27 13:50:52.567,1.8,nan,-0.0,0.1,00:00:00,0.0,0.8,-0.6,208.0
2025-05-27 13:50:53.563,1.5,nan,-0.0,0.1,00:00:00,0.0,0.8,-0.6,208.0
2025-05-27 13:50:54.564,1.3,nan,-0.0,0.1,00:00:00,0.0,0.8,-0.7,208.0
2025-05-27 13:50:55.567,1.4,nan,-0.0,0.1,00:00:00,0.0,0.8,-0.7,208.0
2025-05-27 13:50:56.565,1.0,nan,-0.0,0.1,00:00:00,0.0,0.8,-0.7,208.0
2025-05-27 13:50:57.565,1.6,nan,-0.1,0.1,00:00:00,0.0,0.7,-0.7,208.0
2025-05-27 13:50:58.563,1.0,nan,-0.1,0.1,00:00:00,0.0,0.7,-0.8,208.0
2025-05-27 13:50:59.564,1.4,nan,-0.1,0.2,00:00:00,0.0,0.7,-0.8,208.0
2025-05-27 13:51:00.564,2.1,nan,-0.1,0.2,00:00:00,0.0,0.7,-0.8,208.0
2025-05-27 13:51:01.570,0.8,nan,-0.1,0.2,00:00:00,0.0,0.7,-0.7,208.0
2025-05-27 13:51:02.566,1.4,nan,-0.1,0.1,00:00:00,0.0,0.6,-0.7,208.0
2025-05-27 13:51:03.565,1.0,nan,-0.1,0.1,00:00:00,0.0,0.7,-0.7,208.0
2025-05-27 13:51:04.564,1.6,nan,-0.1,0.1,00:00:00,0.0,0.6,-0.7,208.0
2025-05-27 13:51:05.564,0.7,nan,-0.1,0.1,00:00:00,0.0,0.6,-0.7,208.0
2025-05-27 13:51:06.568,1.6,nan,-0.1,0.1,00:00:00,0.0,0.7,-0.7,208.0
2025-05-27 13:51:07.564,1.5,nan,-0.1,0.1,00:00:00,0.0,0.7,-0.7,208.0
2025-05-27 13:51:08.565,1.3,nan,-0.1,0.1,00:00:00,0.0,0.7,-0.7,208.0
2025-05-27 13:51:09.563,1.8,nan,-0.1,0.1,00:00:00,0.0,0.8,-0.7,208.0
2025-05-27 13:51:10.564,1.1,nan,-0.0,0.1,00:00:00,0.0,0.8,-0.7,208.0
2025-05-27 13:51:11.564,1.6,nan,-0.0,0.1,00:00:00,0.0,0.9,-0.7,208.0
2025-05-27 13:51:12.583,1.2,nan,-0.0,0.1,00:00:00,0.0,0.9,-0.7,208.0
2025-05-27 13:51:13.563,2.0,nan,-0.1,0.1,00:00:00,0.0,0.9,-0.7,208.0
2025-05-27 13:51:14.566,1.2,nan,-0.1,0.1,00:00:00,0.0,0.8,-0.7,208.0
2025-05-27 13:51:15.582,1.2,nan,-0.0,0.1,00:00:00,0.0,0.8,-0.7,208.0
2025-05-27 13:51:16.565,1.4,nan,-0.0,0.1,00:00:00,0.0,0.8,-0.7,208.0
2025-05-27 13:51:17.565,1.3,nan,-0.0,0.1,00:00:00,0.0,0.8,-0.7,208.0
2025-05-27 13:51:18.565,1.5,nan,-0.0,0.1,00:00:00,0.0,0.8,-0.6,208.0
2025-05-27 13:51:19.565,1.7,nan,-0.0,0.1,00:00:00,0.0,0.8,-0.6,208.0
2025-05-27 13:51:20.563,1.6,nan,0.0,0.1,00:00:00,0.0,0.8,-0.5,208.0
2025-05-27 13:51:21.564,2.0,nan,0.0,0.1,00:00:00,0.0,0.8,-0.5,208.0
2025-05-27 13:51:22.564,1.1,nan,0.0,0.1,00:00:00,0.0,0.8,-0.5,208.0
2025-05-27 13:51:23.595,0.9,nan,0.0,0.1,00:00:00,0.0,0.8,-0.5,208.0
2025-05-27 13:51:24.565,1.2,nan,0.0,0.1,00:00:00,0.0,0.8,-0.6,208.0
2025-05-27 13:51:25.564,1.4,nan,0.0,0.1,00:00:00,0.0,0.8,-0.6,208.0
2025-05-27 13:51:26.563,2.0,nan,0.0,0.1,00:00:00,0.0,0.8,-0.6,208.0
2025-05-27 13:51:27.566,1.5,nan,0.0,0.1,00:00:00,0.0,0.7,-0.7,208.0
2025-05-27 13:51:28.564,1.5,nan,-0.0,0.1,00:00:00,0.0,0.7,-0.6,208.0
2025-05-27 13:51:29.566,1.3,nan,-0.0,0.1,00:00:00,0.0,0.7,-0.7,208.0
2025-05-27 13:51:30.565,0.9,nan,-0.0,0.1,00:00:00,0.0,0.7,-0.7,208.0
2025-05-27 13:51:31.565,0.9,nan,-0.0,0.1,00:00:00,0.0,0.7,-0.6,208.0
2025-05-27 13:51:32.563,1.0,nan,-0.0,0.1,00:00:00,0.0,0.8,-0.7,208.0
2025-05-27 13:51:33.564,1.1,nan,-0.1,0.1,00:00:00,0.0,0.8,-0.7,208.0
2025-05-27 13:51:34.564,1.2,nan,-0.1,0.1,00:00:00,0.0,0.8,-0.7,208.0
2025-05-27 13:51:35.565,1.2,nan,-0.1,0.1,00:00:00,0.0,0.8,-0.7,208.0
2025-05-27 13:51:36.567,1.2,nan,-0.1,0.1,00:00:00,0.0,0.9,-0.7,208.0
2025-05-27 13:51:37.564,2.1,nan,-0.0,0.1,00:00:00,0.0,0.9,-0.7,208.0
2025-05-27 13:51:38.564,1.6,nan,-0.0,0.1,00:00:00,0.0,0.8,-0.6,208.0
2025-05-27 13:51:39.571,1.5,nan,0.0,0.1,00:00:00,0.0,0.8,-0.6,208.0
2025-05-27 13:51:40.563,1.1,nan,0.0,0.1,00:00:00,0.0,0.8,-0.6,208.0
2025-05-27 13:51:41.565,1.2,nan,-0.0,0.1,00:00:00,0.0,0.8,-0.6,208.0
2025-05-27 13:51:42.563,1.4,nan,-0.0,0.1,00:00:00,0.0,0.8,-0.6,208.0
2025-05-27 13:51:43.565,1.4,nan,-0.0,0.1,00:00:00,0.0,0.8,-0.6,208.0
2025-05-27 13:51:44.565,1.2,nan,0.0,0.1,00:00:00,0.0,0.8,-0.6,208.0
2025-05-27 13:51:45.565,1.6,nan,0.0,0.1,00:00:00,0.0,0.8,-0.6,208.0
2025-05-27 13:51:46.563,1.3,nan,0.0,0.1,00:00:00,0.0,0.7,-0.6,208.0
2025-05-27 13:51:47.565,1.3,nan,0.0,0.1,00:00:00,0.0,0.7,-0.6,208.0
2025-05-27 13:51:48.565,1.9,nan,0.0,0.1,00:00:00,0.0,0.7,-0.6,208.0
2025-05-27 13:51:49.565,1.9,nan,0.0,0.1,00:00:00,0.0,0.7,-0.6,208.0
2025-05-27 13:51:50.565,1.3,nan,0.0,0.1,00:00:00,0.0,0.7,-0.6,208.0
2025-05-27 13:51:51.565,1.8,nan,0.0,0.1,00:00:00,0.0,0.7,-0.7,208.0
2025-05-27 13:51:52.563,1.3,nan,0.0,0.1,00:00:00,0.0,0.7,-0.7,208.0
2025-05-27 13:51:53.568,1.5,nan,-0.0,0.1,00:00:00,0.0,0.7,-0.7,208.0
2025-05-27 13:51:54.591,1.4,nan,-0.0,0.1,00:00:00,0.0,0.8,-0.7,208.0
2025-05-27 13:51:55.566,1.8,nan,-0.0,0.1,00:00:00,0.0,0.8,-0.7,208.0
2025-05-27 13:51:56.563,1.8,nan,-0.0,0.1,00:00:00,0.0,0.9,-0.8,208.0
2025-05-27 13:51:57.566,1.6,nan,0.0,0.1,00:00:00,0.0,0.9,-0.7,208.0
2025-05-27 13:51:58.566,1.8,nan,0.0,0.1,00:00:00,0.0,0.9,-0.7,208.0
2025-05-27 13:51:59.564,1.5,nan,0.0,0.1,00:00:00,0.0,0.9,-0.7,208.0
2025-05-27 13:52:00.566,1.6,nan,0.0,0.1,00:00:00,0.0,0.9,-0.6,208.0
2025-05-27 13:52:01.566,1.8,nan,0.0,0.1,00:00:00,0.0,0.9,-0.7,208.0
2025-05-27 13:52:02.607,1.5,nan,0.0,0.1,00:00:00,0.0,0.8,-0.6,208.0
